0 	 270.000000 	 148.282526 	 0.000000 	 0.000000 	 0.525731 	 -0.850651
1 	 90.000000 	 148.282526 	 0.000000 	 0.000000 	 -0.525731 	 -0.850651
2 	 180.000000 	 121.717474 	 0.000000 	 0.850651 	 0.000000 	 -0.525731
3 	 180.000000 	 58.282526 	 0.000000 	 0.850651 	 0.000000 	 0.525731
4 	 270.000000 	 31.717474 	 0.000000 	 0.000000 	 0.525731 	 0.850651
5 	 90.000000 	 31.717474 	 0.000000 	 0.000000 	 -0.525731 	 0.850651
6 	 360.000000 	 58.282526 	 0.000000 	 -0.850651 	 0.000000 	 0.525731
7 	 360.000000 	 121.717474 	 0.000000 	 -0.850651 	 0.000000 	 -0.525731
8 	 238.282526 	 90.000000 	 0.000000 	 0.525731 	 0.850651 	 0.000000
9 	 301.717474 	 90.000000 	 0.000000 	 -0.525731 	 0.850651 	 0.000000
10 	 58.282526 	 90.000000 	 0.000000 	 -0.525731 	 -0.850651 	 0.000000
11 	 121.717474 	 90.000000 	 0.000000 	 0.525731 	 -0.850651 	 0.000000
12 	 243.175911 	 90.000000 	 0.000000 	 0.451253 	 0.892396 	 0.000000
13 	 248.530566 	 90.000000 	 0.000000 	 0.366005 	 0.930613 	 0.000000
14 	 254.308644 	 90.000000 	 0.000000 	 0.270455 	 0.962733 	 0.000000
15 	 260.432456 	 90.000000 	 0.000000 	 0.166210 	 0.986090 	 0.000000
16 	 266.784223 	 90.000000 	 0.000000 	 0.056096 	 0.998425 	 0.000000
17 	 273.215777 	 90.000000 	 0.000000 	 -0.056096 	 0.998425 	 0.000000
18 	 279.567544 	 90.000000 	 0.000000 	 -0.166210 	 0.986090 	 0.000000
19 	 285.691356 	 90.000000 	 0.000000 	 -0.270455 	 0.962733 	 0.000000
20 	 291.469434 	 90.000000 	 0.000000 	 -0.366005 	 0.930613 	 0.000000
21 	 296.824089 	 90.000000 	 0.000000 	 -0.451253 	 0.892396 	 0.000000
22 	 265.080501 	 144.220127 	 0.000000 	 0.050139 	 0.582519 	 -0.811269
23 	 260.717024 	 139.588711 	 0.000000 	 0.104573 	 0.639780 	 -0.761411
24 	 256.862978 	 134.440575 	 0.000000 	 0.162273 	 0.695292 	 -0.700169
25 	 253.463366 	 128.866803 	 0.000000 	 0.221614 	 0.746402 	 -0.627512
26 	 250.462398 	 122.997036 	 0.000000 	 0.280482 	 0.790408 	 -0.544596
27 	 247.807704 	 116.989661 	 0.000000 	 0.336579 	 0.825078 	 -0.453830
28 	 245.452251 	 111.012911 	 0.000000 	 0.387824 	 0.849126 	 -0.358578
29 	 243.354901 	 105.222221 	 0.000000 	 0.432728 	 0.862442 	 -0.262563
30 	 241.480228 	 99.741446 	 0.000000 	 0.470578 	 0.865983 	 -0.169202
31 	 239.797999 	 94.653344 	 0.000000 	 0.501392 	 0.861408 	 -0.081127
32 	 274.919499 	 144.220127 	 0.000000 	 -0.050139 	 0.582519 	 -0.811269
33 	 279.282976 	 139.588711 	 0.000000 	 -0.104573 	 0.639780 	 -0.761411
34 	 283.137022 	 134.440575 	 0.000000 	 -0.162273 	 0.695292 	 -0.700169
35 	 286.536634 	 128.866803 	 0.000000 	 -0.221614 	 0.746402 	 -0.627512
36 	 289.537602 	 122.997036 	 0.000000 	 -0.280482 	 0.790408 	 -0.544596
37 	 292.192296 	 116.989661 	 0.000000 	 -0.336579 	 0.825078 	 -0.453830
38 	 294.547749 	 111.012911 	 0.000000 	 -0.387824 	 0.849126 	 -0.358578
39 	 296.645099 	 105.222221 	 0.000000 	 -0.432728 	 0.862442 	 -0.262563
40 	 298.519772 	 99.741446 	 0.000000 	 -0.470578 	 0.865983 	 -0.169202
41 	 300.202001 	 94.653344 	 0.000000 	 -0.501392 	 0.861408 	 -0.081127
42 	 185.380212 	 120.092135 	 0.000000 	 0.861408 	 0.081127 	 -0.501392
43 	 191.055598 	 118.071798 	 0.000000 	 0.865983 	 0.169202 	 -0.470578
44 	 196.932438 	 115.640831 	 0.000000 	 0.862442 	 0.262563 	 -0.432728
45 	 202.893908 	 112.819156 	 0.000000 	 0.849126 	 0.358578 	 -0.387824
46 	 208.812761 	 109.668562 	 0.000000 	 0.825078 	 0.453830 	 -0.336579
47 	 214.567054 	 106.288985 	 0.000000 	 0.790408 	 0.544596 	 -0.280482
48 	 220.054297 	 102.803824 	 0.000000 	 0.746402 	 0.627512 	 -0.221614
49 	 225.200258 	 99.338861 	 0.000000 	 0.695292 	 0.700169 	 -0.162273
50 	 229.961135 	 96.002555 	 0.000000 	 0.639780 	 0.761411 	 -0.104573
51 	 234.320368 	 92.873969 	 0.000000 	 0.582519 	 0.811269 	 -0.050139
52 	 260.809004 	 149.475093 	 0.000000 	 0.081127 	 0.501392 	 -0.861408
53 	 250.223287 	 149.995188 	 0.000000 	 0.169202 	 0.470578 	 -0.865983
54 	 238.752184 	 149.591915 	 0.000000 	 0.262563 	 0.432728 	 -0.862442
55 	 227.243810 	 148.116694 	 0.000000 	 0.358578 	 0.387824 	 -0.849126
56 	 216.562139 	 145.596383 	 0.000000 	 0.453830 	 0.336579 	 -0.825078
57 	 207.249750 	 142.223687 	 0.000000 	 0.544596 	 0.280482 	 -0.790408
58 	 199.451299 	 138.279668 	 0.000000 	 0.627512 	 0.221614 	 -0.746402
59 	 193.048651 	 134.050470 	 0.000000 	 0.700169 	 0.162273 	 -0.695292
60 	 187.820129 	 129.775415 	 0.000000 	 0.761411 	 0.104573 	 -0.639780
61 	 183.536576 	 125.627904 	 0.000000 	 0.811269 	 0.050139 	 -0.582519
62 	 185.380212 	 59.907865 	 0.000000 	 0.861408 	 0.081127 	 0.501392
63 	 191.055598 	 61.928202 	 0.000000 	 0.865983 	 0.169202 	 0.470578
64 	 196.932438 	 64.359169 	 0.000000 	 0.862442 	 0.262563 	 0.432728
65 	 202.893908 	 67.180844 	 0.000000 	 0.849126 	 0.358578 	 0.387824
66 	 208.812761 	 70.331438 	 0.000000 	 0.825078 	 0.453830 	 0.336579
67 	 214.567054 	 73.711015 	 0.000000 	 0.790408 	 0.544596 	 0.280482
68 	 220.054297 	 77.196176 	 0.000000 	 0.746402 	 0.627512 	 0.221614
69 	 225.200258 	 80.661139 	 0.000000 	 0.695292 	 0.700169 	 0.162273
70 	 229.961135 	 83.997445 	 0.000000 	 0.639780 	 0.761411 	 0.104573
71 	 234.320368 	 87.126031 	 0.000000 	 0.582519 	 0.811269 	 0.050139
72 	 180.000000 	 116.824089 	 0.000000 	 0.892396 	 0.000000 	 -0.451253
73 	 180.000000 	 111.469434 	 0.000000 	 0.930613 	 0.000000 	 -0.366005
74 	 180.000000 	 105.691356 	 0.000000 	 0.962733 	 0.000000 	 -0.270455
75 	 180.000000 	 99.567544 	 0.000000 	 0.986090 	 0.000000 	 -0.166210
76 	 180.000000 	 93.215777 	 0.000000 	 0.998425 	 0.000000 	 -0.056096
77 	 180.000000 	 86.784223 	 0.000000 	 0.998425 	 0.000000 	 0.056096
78 	 180.000000 	 80.432456 	 0.000000 	 0.986090 	 0.000000 	 0.166210
79 	 180.000000 	 74.308644 	 0.000000 	 0.962733 	 0.000000 	 0.270455
80 	 180.000000 	 68.530566 	 0.000000 	 0.930613 	 0.000000 	 0.366005
81 	 180.000000 	 63.175911 	 0.000000 	 0.892396 	 0.000000 	 0.451253
82 	 265.080501 	 35.779873 	 0.000000 	 0.050139 	 0.582519 	 0.811269
83 	 260.717024 	 40.411289 	 0.000000 	 0.104573 	 0.639780 	 0.761411
84 	 256.862978 	 45.559425 	 0.000000 	 0.162273 	 0.695292 	 0.700169
85 	 253.463366 	 51.133197 	 0.000000 	 0.221614 	 0.746402 	 0.627512
86 	 250.462398 	 57.002964 	 0.000000 	 0.280482 	 0.790408 	 0.544596
87 	 247.807704 	 63.010339 	 0.000000 	 0.336579 	 0.825078 	 0.453830
88 	 245.452251 	 68.987089 	 0.000000 	 0.387824 	 0.849126 	 0.358578
89 	 243.354901 	 74.777779 	 0.000000 	 0.432728 	 0.862442 	 0.262563
90 	 241.480228 	 80.258554 	 0.000000 	 0.470578 	 0.865983 	 0.169202
91 	 239.797999 	 85.346656 	 0.000000 	 0.501392 	 0.861408 	 0.081127
92 	 183.536576 	 54.372096 	 0.000000 	 0.811269 	 0.050139 	 0.582519
93 	 187.820129 	 50.224585 	 0.000000 	 0.761411 	 0.104573 	 0.639780
94 	 193.048651 	 45.949530 	 0.000000 	 0.700169 	 0.162273 	 0.695292
95 	 199.451299 	 41.720332 	 0.000000 	 0.627512 	 0.221614 	 0.746402
96 	 207.249750 	 37.776313 	 0.000000 	 0.544596 	 0.280482 	 0.790408
97 	 216.562139 	 34.403617 	 0.000000 	 0.453830 	 0.336579 	 0.825078
98 	 227.243810 	 31.883306 	 0.000000 	 0.358578 	 0.387824 	 0.849126
99 	 238.752184 	 30.408085 	 0.000000 	 0.262563 	 0.432728 	 0.862442
100 	 250.223287 	 30.004812 	 0.000000 	 0.169202 	 0.470578 	 0.865983
101 	 260.809004 	 30.524907 	 0.000000 	 0.081127 	 0.501392 	 0.861408
102 	 274.919499 	 35.779873 	 0.000000 	 -0.050139 	 0.582519 	 0.811269
103 	 279.282976 	 40.411289 	 0.000000 	 -0.104573 	 0.639780 	 0.761411
104 	 283.137022 	 45.559425 	 0.000000 	 -0.162273 	 0.695292 	 0.700169
105 	 286.536634 	 51.133197 	 0.000000 	 -0.221614 	 0.746402 	 0.627512
106 	 289.537602 	 57.002964 	 0.000000 	 -0.280482 	 0.790408 	 0.544596
107 	 292.192296 	 63.010339 	 0.000000 	 -0.336579 	 0.825078 	 0.453830
108 	 294.547749 	 68.987089 	 0.000000 	 -0.387824 	 0.849126 	 0.358578
109 	 296.645099 	 74.777779 	 0.000000 	 -0.432728 	 0.862442 	 0.262563
110 	 298.519772 	 80.258554 	 0.000000 	 -0.470578 	 0.865983 	 0.169202
111 	 300.202001 	 85.346656 	 0.000000 	 -0.501392 	 0.861408 	 0.081127
112 	 354.619788 	 59.907865 	 0.000000 	 -0.861408 	 0.081127 	 0.501392
113 	 348.944402 	 61.928202 	 0.000000 	 -0.865983 	 0.169202 	 0.470578
114 	 343.067562 	 64.359169 	 0.000000 	 -0.862442 	 0.262563 	 0.432728
115 	 337.106092 	 67.180844 	 0.000000 	 -0.849126 	 0.358578 	 0.387824
116 	 331.187239 	 70.331438 	 0.000000 	 -0.825078 	 0.453830 	 0.336579
117 	 325.432946 	 73.711015 	 0.000000 	 -0.790408 	 0.544596 	 0.280482
118 	 319.945703 	 77.196176 	 0.000000 	 -0.746402 	 0.627512 	 0.221614
119 	 314.799742 	 80.661139 	 0.000000 	 -0.695292 	 0.700169 	 0.162273
120 	 310.038865 	 83.997445 	 0.000000 	 -0.639780 	 0.761411 	 0.104573
121 	 305.679632 	 87.126031 	 0.000000 	 -0.582519 	 0.811269 	 0.050139
122 	 279.190996 	 30.524907 	 0.000000 	 -0.081127 	 0.501392 	 0.861408
123 	 289.776713 	 30.004812 	 0.000000 	 -0.169202 	 0.470578 	 0.865983
124 	 301.247816 	 30.408085 	 0.000000 	 -0.262563 	 0.432728 	 0.862442
125 	 312.756190 	 31.883306 	 0.000000 	 -0.358578 	 0.387824 	 0.849126
126 	 323.437861 	 34.403617 	 0.000000 	 -0.453830 	 0.336579 	 0.825078
127 	 332.750250 	 37.776313 	 0.000000 	 -0.544596 	 0.280482 	 0.790408
128 	 340.548701 	 41.720332 	 0.000000 	 -0.627512 	 0.221614 	 0.746402
129 	 346.951349 	 45.949530 	 0.000000 	 -0.700169 	 0.162273 	 0.695292
130 	 352.179871 	 50.224585 	 0.000000 	 -0.761411 	 0.104573 	 0.639780
131 	 356.463424 	 54.372096 	 0.000000 	 -0.811269 	 0.050139 	 0.582519
132 	 354.619788 	 120.092135 	 0.000000 	 -0.861408 	 0.081127 	 -0.501392
133 	 348.944402 	 118.071798 	 0.000000 	 -0.865983 	 0.169202 	 -0.470578
134 	 343.067562 	 115.640831 	 0.000000 	 -0.862442 	 0.262563 	 -0.432728
135 	 337.106092 	 112.819156 	 0.000000 	 -0.849126 	 0.358578 	 -0.387824
136 	 331.187239 	 109.668562 	 0.000000 	 -0.825078 	 0.453830 	 -0.336579
137 	 325.432946 	 106.288985 	 0.000000 	 -0.790408 	 0.544596 	 -0.280482
138 	 319.945703 	 102.803824 	 0.000000 	 -0.746402 	 0.627512 	 -0.221614
139 	 314.799742 	 99.338861 	 0.000000 	 -0.695292 	 0.700169 	 -0.162273
140 	 310.038865 	 96.002555 	 0.000000 	 -0.639780 	 0.761411 	 -0.104573
141 	 305.679632 	 92.873969 	 0.000000 	 -0.582519 	 0.811269 	 -0.050139
142 	 360.000000 	 63.175911 	 0.000000 	 -0.892396 	 0.000000 	 0.451253
143 	 360.000000 	 68.530566 	 0.000000 	 -0.930613 	 0.000000 	 0.366005
144 	 360.000000 	 74.308644 	 0.000000 	 -0.962733 	 0.000000 	 0.270455
145 	 360.000000 	 80.432456 	 0.000000 	 -0.986090 	 0.000000 	 0.166210
146 	 360.000000 	 86.784223 	 0.000000 	 -0.998425 	 0.000000 	 0.056096
147 	 360.000000 	 93.215777 	 0.000000 	 -0.998425 	 0.000000 	 -0.056096
148 	 360.000000 	 99.567544 	 0.000000 	 -0.986090 	 0.000000 	 -0.166210
149 	 360.000000 	 105.691356 	 0.000000 	 -0.962733 	 0.000000 	 -0.270455
150 	 360.000000 	 111.469434 	 0.000000 	 -0.930613 	 0.000000 	 -0.366005
151 	 360.000000 	 116.824089 	 0.000000 	 -0.892396 	 0.000000 	 -0.451253
152 	 279.190996 	 149.475093 	 0.000000 	 -0.081127 	 0.501392 	 -0.861408
153 	 289.776713 	 149.995188 	 0.000000 	 -0.169202 	 0.470578 	 -0.865983
154 	 301.247816 	 149.591915 	 0.000000 	 -0.262563 	 0.432728 	 -0.862442
155 	 312.756190 	 148.116694 	 0.000000 	 -0.358578 	 0.387824 	 -0.849126
156 	 323.437861 	 145.596383 	 0.000000 	 -0.453830 	 0.336579 	 -0.825078
157 	 332.750250 	 142.223687 	 0.000000 	 -0.544596 	 0.280482 	 -0.790408
158 	 340.548701 	 138.279668 	 0.000000 	 -0.627512 	 0.221614 	 -0.746402
159 	 346.951349 	 134.050470 	 0.000000 	 -0.700169 	 0.162273 	 -0.695292
160 	 352.179871 	 129.775415 	 0.000000 	 -0.761411 	 0.104573 	 -0.639780
161 	 356.463424 	 125.627904 	 0.000000 	 -0.811269 	 0.050139 	 -0.582519
162 	 63.175911 	 90.000000 	 0.000000 	 -0.451253 	 -0.892396 	 0.000000
163 	 68.530566 	 90.000000 	 0.000000 	 -0.366005 	 -0.930613 	 0.000000
164 	 74.308644 	 90.000000 	 0.000000 	 -0.270455 	 -0.962733 	 0.000000
165 	 80.432456 	 90.000000 	 0.000000 	 -0.166210 	 -0.986090 	 0.000000
166 	 86.784223 	 90.000000 	 0.000000 	 -0.056096 	 -0.998425 	 0.000000
167 	 93.215777 	 90.000000 	 0.000000 	 0.056096 	 -0.998425 	 0.000000
168 	 99.567544 	 90.000000 	 0.000000 	 0.166210 	 -0.986090 	 0.000000
169 	 105.691356 	 90.000000 	 0.000000 	 0.270455 	 -0.962733 	 0.000000
170 	 111.469434 	 90.000000 	 0.000000 	 0.366005 	 -0.930613 	 0.000000
171 	 116.824089 	 90.000000 	 0.000000 	 0.451253 	 -0.892396 	 0.000000
172 	 85.080501 	 144.220127 	 0.000000 	 -0.050139 	 -0.582519 	 -0.811269
173 	 80.717024 	 139.588711 	 0.000000 	 -0.104573 	 -0.639780 	 -0.761411
174 	 76.862978 	 134.440575 	 0.000000 	 -0.162273 	 -0.695292 	 -0.700169
175 	 73.463366 	 128.866803 	 0.000000 	 -0.221614 	 -0.746402 	 -0.627512
176 	 70.462398 	 122.997036 	 0.000000 	 -0.280482 	 -0.790408 	 -0.544596
177 	 67.807704 	 116.989661 	 0.000000 	 -0.336579 	 -0.825078 	 -0.453830
178 	 65.452251 	 111.012911 	 0.000000 	 -0.387824 	 -0.849126 	 -0.358578
179 	 63.354901 	 105.222221 	 0.000000 	 -0.432728 	 -0.862442 	 -0.262563
180 	 61.480228 	 99.741446 	 0.000000 	 -0.470578 	 -0.865983 	 -0.169202
181 	 59.797999 	 94.653344 	 0.000000 	 -0.501392 	 -0.861408 	 -0.081127
182 	 94.919499 	 144.220127 	 0.000000 	 0.050139 	 -0.582519 	 -0.811269
183 	 99.282976 	 139.588711 	 0.000000 	 0.104573 	 -0.639780 	 -0.761411
184 	 103.137022 	 134.440575 	 0.000000 	 0.162273 	 -0.695292 	 -0.700169
185 	 106.536634 	 128.866803 	 0.000000 	 0.221614 	 -0.746402 	 -0.627512
186 	 109.537602 	 122.997036 	 0.000000 	 0.280482 	 -0.790408 	 -0.544596
187 	 112.192296 	 116.989661 	 0.000000 	 0.336579 	 -0.825078 	 -0.453830
188 	 114.547749 	 111.012911 	 0.000000 	 0.387824 	 -0.849126 	 -0.358578
189 	 116.645099 	 105.222221 	 0.000000 	 0.432728 	 -0.862442 	 -0.262563
190 	 118.519772 	 99.741446 	 0.000000 	 0.470578 	 -0.865983 	 -0.169202
191 	 120.202001 	 94.653344 	 0.000000 	 0.501392 	 -0.861408 	 -0.081127
192 	 174.619788 	 120.092135 	 0.000000 	 0.861408 	 -0.081127 	 -0.501392
193 	 168.944402 	 118.071798 	 0.000000 	 0.865983 	 -0.169202 	 -0.470578
194 	 163.067562 	 115.640831 	 0.000000 	 0.862442 	 -0.262563 	 -0.432728
195 	 157.106092 	 112.819156 	 0.000000 	 0.849126 	 -0.358578 	 -0.387824
196 	 151.187239 	 109.668562 	 0.000000 	 0.825078 	 -0.453830 	 -0.336579
197 	 145.432946 	 106.288985 	 0.000000 	 0.790408 	 -0.544596 	 -0.280482
198 	 139.945703 	 102.803824 	 0.000000 	 0.746402 	 -0.627512 	 -0.221614
199 	 134.799742 	 99.338861 	 0.000000 	 0.695292 	 -0.700169 	 -0.162273
200 	 130.038865 	 96.002555 	 0.000000 	 0.639780 	 -0.761411 	 -0.104573
201 	 125.679632 	 92.873969 	 0.000000 	 0.582519 	 -0.811269 	 -0.050139
202 	 99.190996 	 149.475093 	 0.000000 	 0.081127 	 -0.501392 	 -0.861408
203 	 109.776713 	 149.995188 	 0.000000 	 0.169202 	 -0.470578 	 -0.865983
204 	 121.247816 	 149.591915 	 0.000000 	 0.262563 	 -0.432728 	 -0.862442
205 	 132.756190 	 148.116694 	 0.000000 	 0.358578 	 -0.387824 	 -0.849126
206 	 143.437861 	 145.596383 	 0.000000 	 0.453830 	 -0.336579 	 -0.825078
207 	 152.750250 	 142.223687 	 0.000000 	 0.544596 	 -0.280482 	 -0.790408
208 	 160.548701 	 138.279668 	 0.000000 	 0.627512 	 -0.221614 	 -0.746402
209 	 166.951349 	 134.050470 	 0.000000 	 0.700169 	 -0.162273 	 -0.695292
210 	 172.179871 	 129.775415 	 0.000000 	 0.761411 	 -0.104573 	 -0.639780
211 	 176.463424 	 125.627904 	 0.000000 	 0.811269 	 -0.050139 	 -0.582519
212 	 174.619788 	 59.907865 	 0.000000 	 0.861408 	 -0.081127 	 0.501392
213 	 168.944402 	 61.928202 	 0.000000 	 0.865983 	 -0.169202 	 0.470578
214 	 163.067562 	 64.359169 	 0.000000 	 0.862442 	 -0.262563 	 0.432728
215 	 157.106092 	 67.180844 	 0.000000 	 0.849126 	 -0.358578 	 0.387824
216 	 151.187239 	 70.331438 	 0.000000 	 0.825078 	 -0.453830 	 0.336579
217 	 145.432946 	 73.711015 	 0.000000 	 0.790408 	 -0.544596 	 0.280482
218 	 139.945703 	 77.196176 	 0.000000 	 0.746402 	 -0.627512 	 0.221614
219 	 134.799742 	 80.661139 	 0.000000 	 0.695292 	 -0.700169 	 0.162273
220 	 130.038865 	 83.997445 	 0.000000 	 0.639780 	 -0.761411 	 0.104573
221 	 125.679632 	 87.126031 	 0.000000 	 0.582519 	 -0.811269 	 0.050139
222 	 176.463424 	 54.372096 	 0.000000 	 0.811269 	 -0.050139 	 0.582519
223 	 172.179871 	 50.224585 	 0.000000 	 0.761411 	 -0.104573 	 0.639780
224 	 166.951349 	 45.949530 	 0.000000 	 0.700169 	 -0.162273 	 0.695292
225 	 160.548701 	 41.720332 	 0.000000 	 0.627512 	 -0.221614 	 0.746402
226 	 152.750250 	 37.776313 	 0.000000 	 0.544596 	 -0.280482 	 0.790408
227 	 143.437861 	 34.403617 	 0.000000 	 0.453830 	 -0.336579 	 0.825078
228 	 132.756190 	 31.883306 	 0.000000 	 0.358578 	 -0.387824 	 0.849126
229 	 121.247816 	 30.408085 	 0.000000 	 0.262563 	 -0.432728 	 0.862442
230 	 109.776713 	 30.004812 	 0.000000 	 0.169202 	 -0.470578 	 0.865983
231 	 99.190996 	 30.524907 	 0.000000 	 0.081127 	 -0.501392 	 0.861408
232 	 94.919499 	 35.779873 	 0.000000 	 0.050139 	 -0.582519 	 0.811269
233 	 99.282976 	 40.411289 	 0.000000 	 0.104573 	 -0.639780 	 0.761411
234 	 103.137022 	 45.559425 	 0.000000 	 0.162273 	 -0.695292 	 0.700169
235 	 106.536634 	 51.133197 	 0.000000 	 0.221614 	 -0.746402 	 0.627512
236 	 109.537602 	 57.002964 	 0.000000 	 0.280482 	 -0.790408 	 0.544596
237 	 112.192296 	 63.010339 	 0.000000 	 0.336579 	 -0.825078 	 0.453830
238 	 114.547749 	 68.987089 	 0.000000 	 0.387824 	 -0.849126 	 0.358578
239 	 116.645099 	 74.777779 	 0.000000 	 0.432728 	 -0.862442 	 0.262563
240 	 118.519772 	 80.258554 	 0.000000 	 0.470578 	 -0.865983 	 0.169202
241 	 120.202001 	 85.346656 	 0.000000 	 0.501392 	 -0.861408 	 0.081127
242 	 85.080501 	 35.779873 	 0.000000 	 -0.050139 	 -0.582519 	 0.811269
243 	 80.717024 	 40.411289 	 0.000000 	 -0.104573 	 -0.639780 	 0.761411
244 	 76.862978 	 45.559425 	 0.000000 	 -0.162273 	 -0.695292 	 0.700169
245 	 73.463366 	 51.133197 	 0.000000 	 -0.221614 	 -0.746402 	 0.627512
246 	 70.462398 	 57.002964 	 0.000000 	 -0.280482 	 -0.790408 	 0.544596
247 	 67.807704 	 63.010339 	 0.000000 	 -0.336579 	 -0.825078 	 0.453830
248 	 65.452251 	 68.987089 	 0.000000 	 -0.387824 	 -0.849126 	 0.358578
249 	 63.354901 	 74.777779 	 0.000000 	 -0.432728 	 -0.862442 	 0.262563
250 	 61.480228 	 80.258554 	 0.000000 	 -0.470578 	 -0.865983 	 0.169202
251 	 59.797999 	 85.346656 	 0.000000 	 -0.501392 	 -0.861408 	 0.081127
252 	 80.809004 	 30.524907 	 0.000000 	 -0.081127 	 -0.501392 	 0.861408
253 	 70.223287 	 30.004812 	 0.000000 	 -0.169202 	 -0.470578 	 0.865983
254 	 58.752184 	 30.408085 	 0.000000 	 -0.262563 	 -0.432728 	 0.862442
255 	 47.243810 	 31.883306 	 0.000000 	 -0.358578 	 -0.387824 	 0.849126
256 	 36.562139 	 34.403617 	 0.000000 	 -0.453830 	 -0.336579 	 0.825078
257 	 27.249750 	 37.776313 	 0.000000 	 -0.544596 	 -0.280482 	 0.790408
258 	 19.451299 	 41.720332 	 0.000000 	 -0.627512 	 -0.221614 	 0.746402
259 	 13.048651 	 45.949530 	 0.000000 	 -0.700169 	 -0.162273 	 0.695292
260 	 7.820129 	 50.224585 	 0.000000 	 -0.761411 	 -0.104573 	 0.639780
261 	 3.536576 	 54.372096 	 0.000000 	 -0.811269 	 -0.050139 	 0.582519
262 	 5.380212 	 59.907865 	 0.000000 	 -0.861408 	 -0.081127 	 0.501392
263 	 11.055598 	 61.928202 	 0.000000 	 -0.865983 	 -0.169202 	 0.470578
264 	 16.932438 	 64.359169 	 0.000000 	 -0.862442 	 -0.262563 	 0.432728
265 	 22.893908 	 67.180844 	 0.000000 	 -0.849126 	 -0.358578 	 0.387824
266 	 28.812761 	 70.331438 	 0.000000 	 -0.825078 	 -0.453830 	 0.336579
267 	 34.567054 	 73.711015 	 0.000000 	 -0.790408 	 -0.544596 	 0.280482
268 	 40.054297 	 77.196176 	 0.000000 	 -0.746402 	 -0.627512 	 0.221614
269 	 45.200258 	 80.661139 	 0.000000 	 -0.695292 	 -0.700169 	 0.162273
270 	 49.961135 	 83.997445 	 0.000000 	 -0.639780 	 -0.761411 	 0.104573
271 	 54.320368 	 87.126031 	 0.000000 	 -0.582519 	 -0.811269 	 0.050139
272 	 5.380212 	 120.092135 	 0.000000 	 -0.861408 	 -0.081127 	 -0.501392
273 	 11.055598 	 118.071798 	 0.000000 	 -0.865983 	 -0.169202 	 -0.470578
274 	 16.932438 	 115.640831 	 0.000000 	 -0.862442 	 -0.262563 	 -0.432728
275 	 22.893908 	 112.819156 	 0.000000 	 -0.849126 	 -0.358578 	 -0.387824
276 	 28.812761 	 109.668562 	 0.000000 	 -0.825078 	 -0.453830 	 -0.336579
277 	 34.567054 	 106.288985 	 0.000000 	 -0.790408 	 -0.544596 	 -0.280482
278 	 40.054297 	 102.803824 	 0.000000 	 -0.746402 	 -0.627512 	 -0.221614
279 	 45.200258 	 99.338861 	 0.000000 	 -0.695292 	 -0.700169 	 -0.162273
280 	 49.961135 	 96.002555 	 0.000000 	 -0.639780 	 -0.761411 	 -0.104573
281 	 54.320368 	 92.873969 	 0.000000 	 -0.582519 	 -0.811269 	 -0.050139
282 	 80.809004 	 149.475093 	 0.000000 	 -0.081127 	 -0.501392 	 -0.861408
283 	 70.223287 	 149.995188 	 0.000000 	 -0.169202 	 -0.470578 	 -0.865983
284 	 58.752184 	 149.591915 	 0.000000 	 -0.262563 	 -0.432728 	 -0.862442
285 	 47.243810 	 148.116694 	 0.000000 	 -0.358578 	 -0.387824 	 -0.849126
286 	 36.562139 	 145.596383 	 0.000000 	 -0.453830 	 -0.336579 	 -0.825078
287 	 27.249750 	 142.223687 	 0.000000 	 -0.544596 	 -0.280482 	 -0.790408
288 	 19.451299 	 138.279668 	 0.000000 	 -0.627512 	 -0.221614 	 -0.746402
289 	 13.048651 	 134.050470 	 0.000000 	 -0.700169 	 -0.162273 	 -0.695292
290 	 7.820129 	 129.775415 	 0.000000 	 -0.761411 	 -0.104573 	 -0.639780
291 	 3.536576 	 125.627904 	 0.000000 	 -0.811269 	 -0.050139 	 -0.582519
292 	 270.000000 	 153.175911 	 0.000000 	 0.000000 	 0.451253 	 -0.892396
293 	 270.000000 	 158.530566 	 0.000000 	 0.000000 	 0.366005 	 -0.930613
294 	 270.000000 	 164.308644 	 0.000000 	 0.000000 	 0.270455 	 -0.962733
295 	 270.000000 	 170.432456 	 0.000000 	 0.000000 	 0.166210 	 -0.986090
296 	 270.000000 	 176.784223 	 0.000000 	 0.000000 	 0.056096 	 -0.998425
297 	 90.000000 	 176.784223 	 0.000000 	 0.000000 	 -0.056096 	 -0.998425
298 	 90.000000 	 170.432456 	 0.000000 	 0.000000 	 -0.166210 	 -0.986090
299 	 90.000000 	 164.308644 	 0.000000 	 0.000000 	 -0.270455 	 -0.962733
300 	 90.000000 	 158.530566 	 0.000000 	 0.000000 	 -0.366005 	 -0.930613
301 	 90.000000 	 153.175911 	 0.000000 	 0.000000 	 -0.451253 	 -0.892396
302 	 270.000000 	 26.824089 	 0.000000 	 0.000000 	 0.451253 	 0.892396
303 	 270.000000 	 21.469434 	 0.000000 	 0.000000 	 0.366005 	 0.930613
304 	 270.000000 	 15.691356 	 0.000000 	 0.000000 	 0.270455 	 0.962733
305 	 270.000000 	 9.567544 	 0.000000 	 0.000000 	 0.166210 	 0.986090
306 	 270.000000 	 3.215777 	 0.000000 	 0.000000 	 0.056096 	 0.998425
307 	 90.000000 	 3.215777 	 0.000000 	 0.000000 	 -0.056096 	 0.998425
308 	 90.000000 	 9.567544 	 0.000000 	 0.000000 	 -0.166210 	 0.986090
309 	 90.000000 	 15.691356 	 0.000000 	 0.000000 	 -0.270455 	 0.962733
310 	 90.000000 	 21.469434 	 0.000000 	 0.000000 	 -0.366005 	 0.930613
311 	 90.000000 	 26.824089 	 0.000000 	 0.000000 	 -0.451253 	 0.892396
312 	 294.968972 	 94.879911 	 0.000000 	 -0.420597 	 0.903250 	 -0.085068
313 	 289.251060 	 95.080987 	 0.000000 	 -0.328413 	 0.940373 	 -0.088564
314 	 292.911178 	 100.202492 	 0.000000 	 -0.383148 	 0.906545 	 -0.177128
315 	 283.106358 	 95.240853 	 0.000000 	 -0.225811 	 0.969879 	 -0.091343
316 	 286.798558 	 100.594730 	 0.000000 	 -0.284081 	 0.941007 	 -0.183861
317 	 290.621855 	 105.904093 	 0.000000 	 -0.338717 	 0.900100 	 -0.274028
318 	 276.640037 	 95.344332 	 0.000000 	 -0.115129 	 0.988974 	 -0.093141
319 	 280.266907 	 100.882837 	 0.000000 	 -0.175028 	 0.966291 	 -0.188801
320 	 284.083354 	 106.451400 	 0.000000 	 -0.233371 	 0.930234 	 -0.283202
321 	 288.068290 	 111.873833 	 0.000000 	 -0.287822 	 0.882244 	 -0.372564
322 	 270.000000 	 95.380212 	 0.000000 	 0.000000 	 0.995594 	 -0.093764
323 	 273.455214 	 101.035995 	 0.000000 	 -0.059154 	 0.979723 	 -0.191426
324 	 277.149662 	 106.808230 	 0.000000 	 -0.119144 	 0.949835 	 -0.289169
325 	 281.075201 	 112.510410 	 0.000000 	 -0.177461 	 0.906605 	 -0.382851
326 	 285.214036 	 117.957882 	 0.000000 	 -0.231799 	 0.852335 	 -0.468822
327 	 263.359963 	 95.344332 	 0.000000 	 0.115129 	 0.988974 	 -0.093141
328 	 266.544786 	 101.035995 	 0.000000 	 0.059154 	 0.979723 	 -0.191426
329 	 270.000000 	 106.932438 	 0.000000 	 0.000000 	 0.956649 	 -0.291244
330 	 273.733120 	 112.850324 	 0.000000 	 -0.060000 	 0.919567 	 -0.388325
331 	 277.743503 	 118.591664 	 0.000000 	 -0.118308 	 0.870046 	 -0.478564
332 	 282.019615 	 123.976028 	 0.000000 	 -0.172693 	 0.811091 	 -0.558846
333 	 256.893642 	 95.240853 	 0.000000 	 0.225811 	 0.969879 	 -0.091343
334 	 259.733093 	 100.882837 	 0.000000 	 0.175028 	 0.966291 	 -0.188801
335 	 262.850338 	 106.808230 	 0.000000 	 0.119144 	 0.949835 	 -0.289169
336 	 266.266880 	 112.850324 	 0.000000 	 0.060000 	 0.919567 	 -0.388325
337 	 270.000000 	 118.812761 	 0.000000 	 0.000000 	 0.876199 	 -0.481949
338 	 274.059559 	 124.499836 	 0.000000 	 -0.058343 	 0.822060 	 -0.566404
339 	 278.444147 	 129.746979 	 0.000000 	 -0.112906 	 0.760541 	 -0.639398
340 	 250.748940 	 95.080987 	 0.000000 	 0.328413 	 0.940373 	 -0.088564
341 	 253.201442 	 100.594730 	 0.000000 	 0.284081 	 0.941007 	 -0.183861
342 	 255.916646 	 106.451400 	 0.000000 	 0.233371 	 0.930234 	 -0.283202
343 	 258.924799 	 112.510410 	 0.000000 	 0.177461 	 0.906605 	 -0.382851
344 	 262.256497 	 118.591664 	 0.000000 	 0.118308 	 0.870046 	 -0.478564
345 	 265.940441 	 124.499836 	 0.000000 	 0.058343 	 0.822060 	 -0.566404
346 	 270.000000 	 130.054297 	 0.000000 	 0.000000 	 0.765435 	 -0.643513
347 	 274.448433 	 135.113829 	 0.000000 	 -0.054735 	 0.703575 	 -0.708510
348 	 245.031028 	 94.879911 	 0.000000 	 0.420597 	 0.903250 	 -0.085068
349 	 247.088822 	 100.202492 	 0.000000 	 0.383148 	 0.906545 	 -0.177128
350 	 249.378145 	 105.904093 	 0.000000 	 0.338717 	 0.900100 	 -0.274028
351 	 251.931710 	 111.873833 	 0.000000 	 0.287822 	 0.882244 	 -0.372564
352 	 254.785964 	 117.957882 	 0.000000 	 0.231799 	 0.852335 	 -0.468822
353 	 257.980385 	 123.976028 	 0.000000 	 0.172693 	 0.811091 	 -0.558846
354 	 261.555853 	 129.746979 	 0.000000 	 0.112906 	 0.760541 	 -0.639398
355 	 265.551567 	 135.113829 	 0.000000 	 0.054735 	 0.703575 	 -0.708510
356 	 270.000000 	 139.961135 	 0.000000 	 0.000000 	 0.643307 	 -0.765608
357 	 235.694602 	 97.911436 	 0.000000 	 0.558240 	 0.818183 	 -0.137642
358 	 231.138697 	 101.422052 	 0.000000 	 0.615011 	 0.763246 	 -0.198035
359 	 237.234937 	 103.406777 	 0.000000 	 0.526447 	 0.817981 	 -0.231863
360 	 226.118593 	 105.111673 	 0.000000 	 0.669198 	 0.695851 	 -0.260701
361 	 232.471634 	 107.307104 	 0.000000 	 0.581574 	 0.757146 	 -0.297493
362 	 238.970736 	 109.297959 	 0.000000 	 0.486513 	 0.808757 	 -0.330481
363 	 220.648405 	 108.868559 	 0.000000 	 0.717950 	 0.616410 	 -0.323398
364 	 227.167911 	 111.335579 	 0.000000 	 0.633259 	 0.683089 	 -0.363830
365 	 233.991097 	 113.571149 	 0.000000 	 0.538858 	 0.741432 	 -0.399888
366 	 240.937842 	 115.475703 	 0.000000 	 0.438527 	 0.789103 	 -0.430128
367 	 214.777164 	 112.551435 	 0.000000 	 0.758571 	 0.526772 	 -0.383513
368 	 221.332829 	 115.343285 	 0.000000 	 0.678620 	 0.596872 	 -0.428041
369 	 228.377507 	 117.897144 	 0.000000 	 0.587030 	 0.660665 	 -0.467886
370 	 235.736518 	 120.076698 	 0.000000 	 0.487195 	 0.715179 	 -0.501159
371 	 243.180080 	 121.787612 	 0.000000 	 0.383513 	 0.758571 	 -0.526772
372 	 208.594138 	 116.009924 	 0.000000 	 0.789103 	 0.430128 	 -0.438527
373 	 215.020689 	 119.156352 	 0.000000 	 0.715179 	 0.501159 	 -0.487195
374 	 222.129610 	 122.089408 	 0.000000 	 0.628323 	 0.568324 	 -0.531242
375 	 229.785764 	 124.633416 	 0.000000 	 0.531242 	 0.628323 	 -0.568324
376 	 237.758255 	 126.646174 	 0.000000 	 0.428041 	 0.678620 	 -0.596872
377 	 245.750968 	 128.054467 	 0.000000 	 0.323398 	 0.717950 	 -0.616410
378 	 202.226300 	 119.111623 	 0.000000 	 0.808757 	 0.330481 	 -0.486513
379 	 208.339967 	 122.605941 	 0.000000 	 0.741432 	 0.399888 	 -0.538858
380 	 215.306276 	 125.946534 	 0.000000 	 0.660665 	 0.467886 	 -0.587030
381 	 223.068489 	 128.926523 	 0.000000 	 0.568324 	 0.531242 	 -0.628323
382 	 231.443794 	 131.350631 	 0.000000 	 0.467886 	 0.587030 	 -0.660665
383 	 240.121099 	 133.085541 	 0.000000 	 0.363830 	 0.633259 	 -0.683089
384 	 248.715472 	 134.095095 	 0.000000 	 0.260701 	 0.669198 	 -0.695851
385 	 195.825786 	 121.765716 	 0.000000 	 0.817981 	 0.231863 	 -0.526447
386 	 201.450568 	 125.561327 	 0.000000 	 0.757146 	 0.297493 	 -0.581574
387 	 208.040827 	 129.290961 	 0.000000 	 0.683089 	 0.363830 	 -0.633259
388 	 215.645834 	 132.735912 	 0.000000 	 0.596872 	 0.428041 	 -0.678620
389 	 224.190529 	 135.657888 	 0.000000 	 0.501159 	 0.487195 	 -0.715179
390 	 233.420826 	 137.853569 	 0.000000 	 0.399888 	 0.538858 	 -0.741432
391 	 242.908840 	 139.213201 	 0.000000 	 0.297493 	 0.581574 	 -0.757146
392 	 252.151349 	 139.751165 	 0.000000 	 0.198035 	 0.615011 	 -0.763246
393 	 189.549406 	 123.934135 	 0.000000 	 0.818183 	 0.137642 	 -0.558240
394 	 194.545437 	 127.952714 	 0.000000 	 0.763246 	 0.198035 	 -0.615011
395 	 200.538499 	 132.005188 	 0.000000 	 0.695851 	 0.260701 	 -0.669198
396 	 207.683644 	 135.885472 	 0.000000 	 0.616410 	 0.323398 	 -0.717950
397 	 216.056226 	 139.338343 	 0.000000 	 0.526772 	 0.383513 	 -0.758571
398 	 225.553942 	 142.101784 	 0.000000 	 0.430128 	 0.438527 	 -0.789103
399 	 235.812317 	 143.974667 	 0.000000 	 0.330481 	 0.486513 	 -0.808757
400 	 246.229881 	 144.883195 	 0.000000 	 0.231863 	 0.526447 	 -0.817981
401 	 256.149148 	 144.903307 	 0.000000 	 0.137642 	 0.558240 	 -0.818183
402 	 229.961135 	 90.000000 	 0.000000 	 0.643307 	 0.765608 	 0.000000
403 	 225.200258 	 86.862323 	 0.000000 	 0.703575 	 0.708510 	 0.054735
404 	 225.200258 	 93.137677 	 0.000000 	 0.703575 	 0.708510 	 -0.054735
405 	 220.054297 	 83.517156 	 0.000000 	 0.760541 	 0.639398 	 0.112906
406 	 220.054297 	 90.000000 	 0.000000 	 0.765435 	 0.643513 	 0.000000
407 	 220.054297 	 96.482844 	 0.000000 	 0.760541 	 0.639398 	 -0.112906
408 	 214.567054 	 80.055572 	 0.000000 	 0.811091 	 0.558846 	 0.172693
409 	 214.567054 	 86.655304 	 0.000000 	 0.822060 	 0.566404 	 0.058343
410 	 214.567054 	 93.344696 	 0.000000 	 0.822060 	 0.566404 	 -0.058343
411 	 214.567054 	 99.944428 	 0.000000 	 0.811091 	 0.558846 	 -0.172693
412 	 208.812761 	 76.597018 	 0.000000 	 0.852335 	 0.468822 	 0.231799
413 	 208.812761 	 83.205563 	 0.000000 	 0.870046 	 0.478564 	 0.118308
414 	 208.812761 	 90.000000 	 0.000000 	 0.876199 	 0.481949 	 0.000000
415 	 208.812761 	 96.794437 	 0.000000 	 0.870046 	 0.478564 	 -0.118308
416 	 208.812761 	 103.402982 	 0.000000 	 0.852335 	 0.468822 	 -0.231799
417 	 202.893908 	 73.272422 	 0.000000 	 0.882244 	 0.372564 	 0.287822
418 	 202.893908 	 79.778076 	 0.000000 	 0.906605 	 0.382851 	 0.177461
419 	 202.893908 	 86.560214 	 0.000000 	 0.919567 	 0.388325 	 0.060000
420 	 202.893908 	 93.439786 	 0.000000 	 0.919567 	 0.388325 	 -0.060000
421 	 202.893908 	 100.221924 	 0.000000 	 0.906605 	 0.382851 	 -0.177461
422 	 202.893908 	 106.727578 	 0.000000 	 0.882244 	 0.372564 	 -0.287822
423 	 196.932438 	 70.201266 	 0.000000 	 0.900100 	 0.274028 	 0.338717
424 	 196.932438 	 76.504368 	 0.000000 	 0.930234 	 0.283202 	 0.233371
425 	 196.932438 	 83.157279 	 0.000000 	 0.949835 	 0.289169 	 0.119144
426 	 196.932438 	 90.000000 	 0.000000 	 0.956649 	 0.291244 	 0.000000
427 	 196.932438 	 96.842721 	 0.000000 	 0.949835 	 0.289169 	 -0.119144
428 	 196.932438 	 103.495632 	 0.000000 	 0.930234 	 0.283202 	 -0.233371
429 	 196.932438 	 109.798734 	 0.000000 	 0.900100 	 0.274028 	 -0.338717
430 	 191.055598 	 67.471189 	 0.000000 	 0.906545 	 0.177128 	 0.383148
431 	 191.055598 	 73.496090 	 0.000000 	 0.941007 	 0.183861 	 0.284081
432 	 191.055598 	 79.919688 	 0.000000 	 0.966291 	 0.188801 	 0.175028
433 	 191.055598 	 86.608759 	 0.000000 	 0.979723 	 0.191426 	 0.059154
434 	 191.055598 	 93.391241 	 0.000000 	 0.979723 	 0.191426 	 -0.059154
435 	 191.055598 	 100.080312 	 0.000000 	 0.966291 	 0.188801 	 -0.175028
436 	 191.055598 	 106.503910 	 0.000000 	 0.941007 	 0.183861 	 -0.284081
437 	 191.055598 	 112.528811 	 0.000000 	 0.906545 	 0.177128 	 -0.383148
438 	 185.380212 	 65.127699 	 0.000000 	 0.903250 	 0.085068 	 0.420597
439 	 185.380212 	 70.827549 	 0.000000 	 0.940373 	 0.088564 	 0.328413
440 	 185.380212 	 76.949403 	 0.000000 	 0.969879 	 0.091343 	 0.225811
441 	 185.380212 	 83.388957 	 0.000000 	 0.988974 	 0.093141 	 0.115129
442 	 185.380212 	 90.000000 	 0.000000 	 0.995594 	 0.093764 	 0.000000
443 	 185.380212 	 96.611043 	 0.000000 	 0.988974 	 0.093141 	 -0.115129
444 	 185.380212 	 103.050597 	 0.000000 	 0.969879 	 0.091343 	 -0.225811
445 	 185.380212 	 109.172451 	 0.000000 	 0.940373 	 0.088564 	 -0.328413
446 	 185.380212 	 114.872301 	 0.000000 	 0.903250 	 0.085068 	 -0.420597
447 	 235.694602 	 82.088564 	 0.000000 	 0.558240 	 0.818183 	 0.137642
448 	 237.234937 	 76.593223 	 0.000000 	 0.526447 	 0.817981 	 0.231863
449 	 231.138697 	 78.577948 	 0.000000 	 0.615011 	 0.763246 	 0.198035
450 	 238.970736 	 70.702041 	 0.000000 	 0.486513 	 0.808757 	 0.330481
451 	 232.471634 	 72.692896 	 0.000000 	 0.581574 	 0.757146 	 0.297493
452 	 226.118593 	 74.888327 	 0.000000 	 0.669198 	 0.695851 	 0.260701
453 	 240.937842 	 64.524297 	 0.000000 	 0.438527 	 0.789103 	 0.430128
454 	 233.991097 	 66.428851 	 0.000000 	 0.538858 	 0.741432 	 0.399888
455 	 227.167911 	 68.664421 	 0.000000 	 0.633259 	 0.683089 	 0.363830
456 	 220.648405 	 71.131441 	 0.000000 	 0.717950 	 0.616410 	 0.323398
457 	 243.180080 	 58.212388 	 0.000000 	 0.383513 	 0.758571 	 0.526772
458 	 235.736518 	 59.923302 	 0.000000 	 0.487195 	 0.715179 	 0.501159
459 	 228.377507 	 62.102856 	 0.000000 	 0.587030 	 0.660665 	 0.467886
460 	 221.332829 	 64.656715 	 0.000000 	 0.678620 	 0.596872 	 0.428041
461 	 214.777164 	 67.448565 	 0.000000 	 0.758571 	 0.526772 	 0.383513
462 	 245.750968 	 51.945533 	 0.000000 	 0.323398 	 0.717950 	 0.616410
463 	 237.758255 	 53.353826 	 0.000000 	 0.428041 	 0.678620 	 0.596872
464 	 229.785764 	 55.366584 	 0.000000 	 0.531242 	 0.628323 	 0.568324
465 	 222.129610 	 57.910592 	 0.000000 	 0.628323 	 0.568324 	 0.531242
466 	 215.020689 	 60.843648 	 0.000000 	 0.715179 	 0.501159 	 0.487195
467 	 208.594138 	 63.990076 	 0.000000 	 0.789103 	 0.430128 	 0.438527
468 	 248.715472 	 45.904905 	 0.000000 	 0.260701 	 0.669198 	 0.695851
469 	 240.121099 	 46.914459 	 0.000000 	 0.363830 	 0.633259 	 0.683089
470 	 231.443794 	 48.649369 	 0.000000 	 0.467886 	 0.587030 	 0.660665
471 	 223.068489 	 51.073477 	 0.000000 	 0.568324 	 0.531242 	 0.628323
472 	 215.306276 	 54.053466 	 0.000000 	 0.660665 	 0.467886 	 0.587030
473 	 208.339967 	 57.394059 	 0.000000 	 0.741432 	 0.399888 	 0.538858
474 	 202.226300 	 60.888377 	 0.000000 	 0.808757 	 0.330481 	 0.486513
475 	 252.151349 	 40.248835 	 0.000000 	 0.198035 	 0.615011 	 0.763246
476 	 242.908840 	 40.786799 	 0.000000 	 0.297493 	 0.581574 	 0.757146
477 	 233.420826 	 42.146431 	 0.000000 	 0.399888 	 0.538858 	 0.741432
478 	 224.190529 	 44.342112 	 0.000000 	 0.501159 	 0.487195 	 0.715179
479 	 215.645834 	 47.264088 	 0.000000 	 0.596872 	 0.428041 	 0.678620
480 	 208.040827 	 50.709039 	 0.000000 	 0.683089 	 0.363830 	 0.633259
481 	 201.450568 	 54.438673 	 0.000000 	 0.757146 	 0.297493 	 0.581574
482 	 195.825786 	 58.234284 	 0.000000 	 0.817981 	 0.231863 	 0.526447
483 	 256.149148 	 35.096693 	 0.000000 	 0.137642 	 0.558240 	 0.818183
484 	 246.229881 	 35.116805 	 0.000000 	 0.231863 	 0.526447 	 0.817981
485 	 235.812317 	 36.025333 	 0.000000 	 0.330481 	 0.486513 	 0.808757
486 	 225.553942 	 37.898216 	 0.000000 	 0.430128 	 0.438527 	 0.789103
487 	 216.056226 	 40.661657 	 0.000000 	 0.526772 	 0.383513 	 0.758571
488 	 207.683644 	 44.114528 	 0.000000 	 0.616410 	 0.323398 	 0.717950
489 	 200.538499 	 47.994812 	 0.000000 	 0.695851 	 0.260701 	 0.669198
490 	 194.545437 	 52.047286 	 0.000000 	 0.763246 	 0.198035 	 0.615011
491 	 189.549406 	 56.065865 	 0.000000 	 0.818183 	 0.137642 	 0.558240
492 	 245.031028 	 85.120089 	 0.000000 	 0.420597 	 0.903250 	 0.085068
493 	 250.748940 	 84.919013 	 0.000000 	 0.328413 	 0.940373 	 0.088564
494 	 247.088822 	 79.797508 	 0.000000 	 0.383148 	 0.906545 	 0.177128
495 	 256.893642 	 84.759147 	 0.000000 	 0.225811 	 0.969879 	 0.091343
496 	 253.201442 	 79.405270 	 0.000000 	 0.284081 	 0.941007 	 0.183861
497 	 249.378145 	 74.095907 	 0.000000 	 0.338717 	 0.900100 	 0.274028
498 	 263.359963 	 84.655668 	 0.000000 	 0.115129 	 0.988974 	 0.093141
499 	 259.733093 	 79.117163 	 0.000000 	 0.175028 	 0.966291 	 0.188801
500 	 255.916646 	 73.548600 	 0.000000 	 0.233371 	 0.930234 	 0.283202
501 	 251.931710 	 68.126167 	 0.000000 	 0.287822 	 0.882244 	 0.372564
502 	 270.000000 	 84.619788 	 0.000000 	 -0.000000 	 0.995594 	 0.093764
503 	 266.544786 	 78.964005 	 0.000000 	 0.059154 	 0.979723 	 0.191426
504 	 262.850338 	 73.191770 	 0.000000 	 0.119144 	 0.949835 	 0.289169
505 	 258.924799 	 67.489590 	 0.000000 	 0.177461 	 0.906605 	 0.382851
506 	 254.785964 	 62.042118 	 0.000000 	 0.231799 	 0.852335 	 0.468822
507 	 276.640037 	 84.655668 	 0.000000 	 -0.115129 	 0.988974 	 0.093141
508 	 273.455214 	 78.964005 	 0.000000 	 -0.059154 	 0.979723 	 0.191426
509 	 270.000000 	 73.067562 	 0.000000 	 -0.000000 	 0.956649 	 0.291244
510 	 266.266880 	 67.149676 	 0.000000 	 0.060000 	 0.919567 	 0.388325
511 	 262.256497 	 61.408336 	 0.000000 	 0.118308 	 0.870046 	 0.478564
512 	 257.980385 	 56.023972 	 0.000000 	 0.172693 	 0.811091 	 0.558846
513 	 283.106358 	 84.759147 	 0.000000 	 -0.225811 	 0.969879 	 0.091343
514 	 280.266907 	 79.117163 	 0.000000 	 -0.175028 	 0.966291 	 0.188801
515 	 277.149662 	 73.191770 	 0.000000 	 -0.119144 	 0.949835 	 0.289169
516 	 273.733120 	 67.149676 	 0.000000 	 -0.060000 	 0.919567 	 0.388325
517 	 270.000000 	 61.187239 	 0.000000 	 -0.000000 	 0.876199 	 0.481949
518 	 265.940441 	 55.500164 	 0.000000 	 0.058343 	 0.822060 	 0.566404
519 	 261.555853 	 50.253021 	 0.000000 	 0.112906 	 0.760541 	 0.639398
520 	 289.251060 	 84.919013 	 0.000000 	 -0.328413 	 0.940373 	 0.088564
521 	 286.798558 	 79.405270 	 0.000000 	 -0.284081 	 0.941007 	 0.183861
522 	 284.083354 	 73.548600 	 0.000000 	 -0.233371 	 0.930234 	 0.283202
523 	 281.075201 	 67.489590 	 0.000000 	 -0.177461 	 0.906605 	 0.382851
524 	 277.743503 	 61.408336 	 0.000000 	 -0.118308 	 0.870046 	 0.478564
525 	 274.059559 	 55.500164 	 0.000000 	 -0.058343 	 0.822060 	 0.566404
526 	 270.000000 	 49.945703 	 0.000000 	 -0.000000 	 0.765435 	 0.643513
527 	 265.551567 	 44.886171 	 0.000000 	 0.054735 	 0.703575 	 0.708510
528 	 294.968972 	 85.120089 	 0.000000 	 -0.420597 	 0.903250 	 0.085068
529 	 292.911178 	 79.797508 	 0.000000 	 -0.383148 	 0.906545 	 0.177128
530 	 290.621855 	 74.095907 	 0.000000 	 -0.338717 	 0.900100 	 0.274028
531 	 288.068290 	 68.126167 	 0.000000 	 -0.287822 	 0.882244 	 0.372564
532 	 285.214036 	 62.042118 	 0.000000 	 -0.231799 	 0.852335 	 0.468822
533 	 282.019615 	 56.023972 	 0.000000 	 -0.172693 	 0.811091 	 0.558846
534 	 278.444147 	 50.253021 	 0.000000 	 -0.112906 	 0.760541 	 0.639398
535 	 274.448433 	 44.886171 	 0.000000 	 -0.054735 	 0.703575 	 0.708510
536 	 270.000000 	 40.038865 	 0.000000 	 -0.000000 	 0.643307 	 0.765608
537 	 283.850852 	 35.096693 	 0.000000 	 -0.137642 	 0.558240 	 0.818183
538 	 287.848651 	 40.248835 	 0.000000 	 -0.198035 	 0.615011 	 0.763246
539 	 293.770119 	 35.116805 	 0.000000 	 -0.231863 	 0.526447 	 0.817981
540 	 291.284528 	 45.904905 	 0.000000 	 -0.260701 	 0.669198 	 0.695851
541 	 297.091160 	 40.786799 	 0.000000 	 -0.297493 	 0.581574 	 0.757146
542 	 304.187683 	 36.025333 	 0.000000 	 -0.330481 	 0.486513 	 0.808757
543 	 294.249032 	 51.945533 	 0.000000 	 -0.323398 	 0.717950 	 0.616410
544 	 299.878901 	 46.914459 	 0.000000 	 -0.363830 	 0.633259 	 0.683089
545 	 306.579174 	 42.146431 	 0.000000 	 -0.399888 	 0.538858 	 0.741432
546 	 314.446058 	 37.898216 	 0.000000 	 -0.430128 	 0.438527 	 0.789103
547 	 296.819920 	 58.212388 	 0.000000 	 -0.383513 	 0.758571 	 0.526772
548 	 302.241745 	 53.353826 	 0.000000 	 -0.428041 	 0.678620 	 0.596872
549 	 308.556206 	 48.649369 	 0.000000 	 -0.467886 	 0.587030 	 0.660665
550 	 315.809471 	 44.342112 	 0.000000 	 -0.501159 	 0.487195 	 0.715179
551 	 323.943774 	 40.661657 	 0.000000 	 -0.526772 	 0.383513 	 0.758571
552 	 299.062158 	 64.524297 	 0.000000 	 -0.438527 	 0.789103 	 0.430128
553 	 304.263482 	 59.923302 	 0.000000 	 -0.487195 	 0.715179 	 0.501159
554 	 310.214236 	 55.366584 	 0.000000 	 -0.531242 	 0.628323 	 0.568324
555 	 316.931511 	 51.073477 	 0.000000 	 -0.568324 	 0.531242 	 0.628323
556 	 324.354166 	 47.264088 	 0.000000 	 -0.596872 	 0.428041 	 0.678620
557 	 332.316356 	 44.114528 	 0.000000 	 -0.616410 	 0.323398 	 0.717950
558 	 301.029264 	 70.702041 	 0.000000 	 -0.486513 	 0.808757 	 0.330481
559 	 306.008903 	 66.428851 	 0.000000 	 -0.538858 	 0.741432 	 0.399888
560 	 311.622493 	 62.102856 	 0.000000 	 -0.587030 	 0.660665 	 0.467886
561 	 317.870390 	 57.910592 	 0.000000 	 -0.628323 	 0.568324 	 0.531242
562 	 324.693724 	 54.053466 	 0.000000 	 -0.660665 	 0.467886 	 0.587030
563 	 331.959173 	 50.709039 	 0.000000 	 -0.683089 	 0.363830 	 0.633259
564 	 339.461501 	 47.994812 	 0.000000 	 -0.695851 	 0.260701 	 0.669198
565 	 302.765063 	 76.593223 	 0.000000 	 -0.526447 	 0.817981 	 0.231863
566 	 307.528366 	 72.692896 	 0.000000 	 -0.581574 	 0.757146 	 0.297493
567 	 312.832089 	 68.664421 	 0.000000 	 -0.633259 	 0.683089 	 0.363830
568 	 318.667171 	 64.656715 	 0.000000 	 -0.678620 	 0.596872 	 0.428041
569 	 324.979311 	 60.843648 	 0.000000 	 -0.715179 	 0.501159 	 0.487195
570 	 331.660033 	 57.394059 	 0.000000 	 -0.741432 	 0.399888 	 0.538858
571 	 338.549432 	 54.438673 	 0.000000 	 -0.757146 	 0.297493 	 0.581574
572 	 345.454563 	 52.047286 	 0.000000 	 -0.763246 	 0.198035 	 0.615011
573 	 304.305398 	 82.088564 	 0.000000 	 -0.558240 	 0.818183 	 0.137642
574 	 308.861303 	 78.577948 	 0.000000 	 -0.615011 	 0.763246 	 0.198035
575 	 313.881407 	 74.888327 	 0.000000 	 -0.669198 	 0.695851 	 0.260701
576 	 319.351595 	 71.131441 	 0.000000 	 -0.717950 	 0.616410 	 0.323398
577 	 325.222836 	 67.448565 	 0.000000 	 -0.758571 	 0.526772 	 0.383513
578 	 331.405862 	 63.990076 	 0.000000 	 -0.789103 	 0.430128 	 0.438527
579 	 337.773700 	 60.888377 	 0.000000 	 -0.808757 	 0.330481 	 0.486513
580 	 344.174214 	 58.234284 	 0.000000 	 -0.817981 	 0.231863 	 0.526447
581 	 350.450594 	 56.065865 	 0.000000 	 -0.818183 	 0.137642 	 0.558240
582 	 354.619788 	 65.127699 	 0.000000 	 -0.903250 	 0.085068 	 0.420597
583 	 348.944402 	 67.471189 	 0.000000 	 -0.906545 	 0.177128 	 0.383148
584 	 354.619788 	 70.827549 	 0.000000 	 -0.940373 	 0.088564 	 0.328413
585 	 343.067562 	 70.201266 	 0.000000 	 -0.900100 	 0.274028 	 0.338717
586 	 348.944402 	 73.496090 	 0.000000 	 -0.941007 	 0.183861 	 0.284081
587 	 354.619788 	 76.949403 	 0.000000 	 -0.969879 	 0.091343 	 0.225811
588 	 337.106092 	 73.272422 	 0.000000 	 -0.882244 	 0.372564 	 0.287822
589 	 343.067562 	 76.504368 	 0.000000 	 -0.930234 	 0.283202 	 0.233371
590 	 348.944402 	 79.919688 	 0.000000 	 -0.966291 	 0.188801 	 0.175028
591 	 354.619788 	 83.388957 	 0.000000 	 -0.988974 	 0.093141 	 0.115129
592 	 331.187239 	 76.597018 	 0.000000 	 -0.852335 	 0.468822 	 0.231799
593 	 337.106092 	 79.778076 	 0.000000 	 -0.906605 	 0.382851 	 0.177461
594 	 343.067562 	 83.157279 	 0.000000 	 -0.949835 	 0.289169 	 0.119144
595 	 348.944402 	 86.608759 	 0.000000 	 -0.979723 	 0.191426 	 0.059154
596 	 354.619788 	 90.000000 	 0.000000 	 -0.995594 	 0.093764 	 -0.000000
597 	 325.432946 	 80.055572 	 0.000000 	 -0.811091 	 0.558846 	 0.172693
598 	 331.187239 	 83.205563 	 0.000000 	 -0.870046 	 0.478564 	 0.118308
599 	 337.106092 	 86.560214 	 0.000000 	 -0.919567 	 0.388325 	 0.060000
600 	 343.067562 	 90.000000 	 0.000000 	 -0.956649 	 0.291244 	 -0.000000
601 	 348.944402 	 93.391241 	 0.000000 	 -0.979723 	 0.191426 	 -0.059154
602 	 354.619788 	 96.611043 	 0.000000 	 -0.988974 	 0.093141 	 -0.115129
603 	 319.945703 	 83.517156 	 0.000000 	 -0.760541 	 0.639398 	 0.112906
604 	 325.432946 	 86.655304 	 0.000000 	 -0.822060 	 0.566404 	 0.058343
605 	 331.187239 	 90.000000 	 0.000000 	 -0.876199 	 0.481949 	 -0.000000
606 	 337.106092 	 93.439786 	 0.000000 	 -0.919567 	 0.388325 	 -0.060000
607 	 343.067562 	 96.842721 	 0.000000 	 -0.949835 	 0.289169 	 -0.119144
608 	 348.944402 	 100.080312 	 0.000000 	 -0.966291 	 0.188801 	 -0.175028
609 	 354.619788 	 103.050597 	 0.000000 	 -0.969879 	 0.091343 	 -0.225811
610 	 314.799742 	 86.862323 	 0.000000 	 -0.703575 	 0.708510 	 0.054735
611 	 319.945703 	 90.000000 	 0.000000 	 -0.765435 	 0.643513 	 -0.000000
612 	 325.432946 	 93.344696 	 0.000000 	 -0.822060 	 0.566404 	 -0.058343
613 	 331.187239 	 96.794437 	 0.000000 	 -0.870046 	 0.478564 	 -0.118308
614 	 337.106092 	 100.221924 	 0.000000 	 -0.906605 	 0.382851 	 -0.177461
615 	 343.067562 	 103.495632 	 0.000000 	 -0.930234 	 0.283202 	 -0.233371
616 	 348.944402 	 106.503910 	 0.000000 	 -0.941007 	 0.183861 	 -0.284081
617 	 354.619788 	 109.172451 	 0.000000 	 -0.940373 	 0.088564 	 -0.328413
618 	 310.038865 	 90.000000 	 0.000000 	 -0.643307 	 0.765608 	 -0.000000
619 	 314.799742 	 93.137677 	 0.000000 	 -0.703575 	 0.708510 	 -0.054735
620 	 319.945703 	 96.482844 	 0.000000 	 -0.760541 	 0.639398 	 -0.112906
621 	 325.432946 	 99.944428 	 0.000000 	 -0.811091 	 0.558846 	 -0.172693
622 	 331.187239 	 103.402982 	 0.000000 	 -0.852335 	 0.468822 	 -0.231799
623 	 337.106092 	 106.727578 	 0.000000 	 -0.882244 	 0.372564 	 -0.287822
624 	 343.067562 	 109.798734 	 0.000000 	 -0.900100 	 0.274028 	 -0.338717
625 	 348.944402 	 112.528811 	 0.000000 	 -0.906545 	 0.177128 	 -0.383148
626 	 354.619788 	 114.872301 	 0.000000 	 -0.903250 	 0.085068 	 -0.420597
627 	 304.305398 	 97.911436 	 0.000000 	 -0.558240 	 0.818183 	 -0.137642
628 	 302.765063 	 103.406777 	 0.000000 	 -0.526447 	 0.817981 	 -0.231863
629 	 308.861303 	 101.422052 	 0.000000 	 -0.615011 	 0.763246 	 -0.198035
630 	 301.029264 	 109.297959 	 0.000000 	 -0.486513 	 0.808757 	 -0.330481
631 	 307.528366 	 107.307104 	 0.000000 	 -0.581574 	 0.757146 	 -0.297493
632 	 313.881407 	 105.111673 	 0.000000 	 -0.669198 	 0.695851 	 -0.260701
633 	 299.062158 	 115.475703 	 0.000000 	 -0.438527 	 0.789103 	 -0.430128
634 	 306.008903 	 113.571149 	 0.000000 	 -0.538858 	 0.741432 	 -0.399888
635 	 312.832089 	 111.335579 	 0.000000 	 -0.633259 	 0.683089 	 -0.363830
636 	 319.351595 	 108.868559 	 0.000000 	 -0.717950 	 0.616410 	 -0.323398
637 	 296.819920 	 121.787612 	 0.000000 	 -0.383513 	 0.758571 	 -0.526772
638 	 304.263482 	 120.076698 	 0.000000 	 -0.487195 	 0.715179 	 -0.501159
639 	 311.622493 	 117.897144 	 0.000000 	 -0.587030 	 0.660665 	 -0.467886
640 	 318.667171 	 115.343285 	 0.000000 	 -0.678620 	 0.596872 	 -0.428041
641 	 325.222836 	 112.551435 	 0.000000 	 -0.758571 	 0.526772 	 -0.383513
642 	 294.249032 	 128.054467 	 0.000000 	 -0.323398 	 0.717950 	 -0.616410
643 	 302.241745 	 126.646174 	 0.000000 	 -0.428041 	 0.678620 	 -0.596872
644 	 310.214236 	 124.633416 	 0.000000 	 -0.531242 	 0.628323 	 -0.568324
645 	 317.870390 	 122.089408 	 0.000000 	 -0.628323 	 0.568324 	 -0.531242
646 	 324.979311 	 119.156352 	 0.000000 	 -0.715179 	 0.501159 	 -0.487195
647 	 331.405862 	 116.009924 	 0.000000 	 -0.789103 	 0.430128 	 -0.438527
648 	 291.284528 	 134.095095 	 0.000000 	 -0.260701 	 0.669198 	 -0.695851
649 	 299.878901 	 133.085541 	 0.000000 	 -0.363830 	 0.633259 	 -0.683089
650 	 308.556206 	 131.350631 	 0.000000 	 -0.467886 	 0.587030 	 -0.660665
651 	 316.931511 	 128.926523 	 0.000000 	 -0.568324 	 0.531242 	 -0.628323
652 	 324.693724 	 125.946534 	 0.000000 	 -0.660665 	 0.467886 	 -0.587030
653 	 331.660033 	 122.605941 	 0.000000 	 -0.741432 	 0.399888 	 -0.538858
654 	 337.773700 	 119.111623 	 0.000000 	 -0.808757 	 0.330481 	 -0.486513
655 	 287.848651 	 139.751165 	 0.000000 	 -0.198035 	 0.615011 	 -0.763246
656 	 297.091160 	 139.213201 	 0.000000 	 -0.297493 	 0.581574 	 -0.757146
657 	 306.579174 	 137.853569 	 0.000000 	 -0.399888 	 0.538858 	 -0.741432
658 	 315.809471 	 135.657888 	 0.000000 	 -0.501159 	 0.487195 	 -0.715179
659 	 324.354166 	 132.735912 	 0.000000 	 -0.596872 	 0.428041 	 -0.678620
660 	 331.959173 	 129.290961 	 0.000000 	 -0.683089 	 0.363830 	 -0.633259
661 	 338.549432 	 125.561327 	 0.000000 	 -0.757146 	 0.297493 	 -0.581574
662 	 344.174214 	 121.765716 	 0.000000 	 -0.817981 	 0.231863 	 -0.526447
663 	 283.850852 	 144.903307 	 0.000000 	 -0.137642 	 0.558240 	 -0.818183
664 	 293.770119 	 144.883195 	 0.000000 	 -0.231863 	 0.526447 	 -0.817981
665 	 304.187683 	 143.974667 	 0.000000 	 -0.330481 	 0.486513 	 -0.808757
666 	 314.446058 	 142.101784 	 0.000000 	 -0.430128 	 0.438527 	 -0.789103
667 	 323.943774 	 139.338343 	 0.000000 	 -0.526772 	 0.383513 	 -0.758571
668 	 332.316356 	 135.885472 	 0.000000 	 -0.616410 	 0.323398 	 -0.717950
669 	 339.461501 	 132.005188 	 0.000000 	 -0.695851 	 0.260701 	 -0.669198
670 	 345.454563 	 127.952714 	 0.000000 	 -0.763246 	 0.198035 	 -0.615011
671 	 350.450594 	 123.934135 	 0.000000 	 -0.818183 	 0.137642 	 -0.558240
672 	 114.968972 	 94.879911 	 0.000000 	 0.420597 	 -0.903250 	 -0.085068
673 	 109.251060 	 95.080987 	 0.000000 	 0.328413 	 -0.940373 	 -0.088564
674 	 112.911178 	 100.202492 	 0.000000 	 0.383148 	 -0.906545 	 -0.177128
675 	 103.106358 	 95.240853 	 0.000000 	 0.225811 	 -0.969879 	 -0.091343
676 	 106.798558 	 100.594730 	 0.000000 	 0.284081 	 -0.941007 	 -0.183861
677 	 110.621855 	 105.904093 	 0.000000 	 0.338717 	 -0.900100 	 -0.274028
678 	 96.640037 	 95.344332 	 0.000000 	 0.115129 	 -0.988974 	 -0.093141
679 	 100.266907 	 100.882837 	 0.000000 	 0.175028 	 -0.966291 	 -0.188801
680 	 104.083354 	 106.451400 	 0.000000 	 0.233371 	 -0.930234 	 -0.283202
681 	 108.068290 	 111.873833 	 0.000000 	 0.287822 	 -0.882244 	 -0.372564
682 	 90.000000 	 95.380212 	 0.000000 	 -0.000000 	 -0.995594 	 -0.093764
683 	 93.455214 	 101.035995 	 0.000000 	 0.059154 	 -0.979723 	 -0.191426
684 	 97.149662 	 106.808230 	 0.000000 	 0.119144 	 -0.949835 	 -0.289169
685 	 101.075201 	 112.510410 	 0.000000 	 0.177461 	 -0.906605 	 -0.382851
686 	 105.214036 	 117.957882 	 0.000000 	 0.231799 	 -0.852335 	 -0.468822
687 	 83.359963 	 95.344332 	 0.000000 	 -0.115129 	 -0.988974 	 -0.093141
688 	 86.544786 	 101.035995 	 0.000000 	 -0.059154 	 -0.979723 	 -0.191426
689 	 90.000000 	 106.932438 	 0.000000 	 -0.000000 	 -0.956649 	 -0.291244
690 	 93.733120 	 112.850324 	 0.000000 	 0.060000 	 -0.919567 	 -0.388325
691 	 97.743503 	 118.591664 	 0.000000 	 0.118308 	 -0.870046 	 -0.478564
692 	 102.019615 	 123.976028 	 0.000000 	 0.172693 	 -0.811091 	 -0.558846
693 	 76.893642 	 95.240853 	 0.000000 	 -0.225811 	 -0.969879 	 -0.091343
694 	 79.733093 	 100.882837 	 0.000000 	 -0.175028 	 -0.966291 	 -0.188801
695 	 82.850338 	 106.808230 	 0.000000 	 -0.119144 	 -0.949835 	 -0.289169
696 	 86.266880 	 112.850324 	 0.000000 	 -0.060000 	 -0.919567 	 -0.388325
697 	 90.000000 	 118.812761 	 0.000000 	 -0.000000 	 -0.876199 	 -0.481949
698 	 94.059559 	 124.499836 	 0.000000 	 0.058343 	 -0.822060 	 -0.566404
699 	 98.444147 	 129.746979 	 0.000000 	 0.112906 	 -0.760541 	 -0.639398
700 	 70.748940 	 95.080987 	 0.000000 	 -0.328413 	 -0.940373 	 -0.088564
701 	 73.201442 	 100.594730 	 0.000000 	 -0.284081 	 -0.941007 	 -0.183861
702 	 75.916646 	 106.451400 	 0.000000 	 -0.233371 	 -0.930234 	 -0.283202
703 	 78.924799 	 112.510410 	 0.000000 	 -0.177461 	 -0.906605 	 -0.382851
704 	 82.256497 	 118.591664 	 0.000000 	 -0.118308 	 -0.870046 	 -0.478564
705 	 85.940441 	 124.499836 	 0.000000 	 -0.058343 	 -0.822060 	 -0.566404
706 	 90.000000 	 130.054297 	 0.000000 	 -0.000000 	 -0.765435 	 -0.643513
707 	 94.448433 	 135.113829 	 0.000000 	 0.054735 	 -0.703575 	 -0.708510
708 	 65.031028 	 94.879911 	 0.000000 	 -0.420597 	 -0.903250 	 -0.085068
709 	 67.088822 	 100.202492 	 0.000000 	 -0.383148 	 -0.906545 	 -0.177128
710 	 69.378145 	 105.904093 	 0.000000 	 -0.338717 	 -0.900100 	 -0.274028
711 	 71.931710 	 111.873833 	 0.000000 	 -0.287822 	 -0.882244 	 -0.372564
712 	 74.785964 	 117.957882 	 0.000000 	 -0.231799 	 -0.852335 	 -0.468822
713 	 77.980385 	 123.976028 	 0.000000 	 -0.172693 	 -0.811091 	 -0.558846
714 	 81.555853 	 129.746979 	 0.000000 	 -0.112906 	 -0.760541 	 -0.639398
715 	 85.551567 	 135.113829 	 0.000000 	 -0.054735 	 -0.703575 	 -0.708510
716 	 90.000000 	 139.961135 	 0.000000 	 -0.000000 	 -0.643307 	 -0.765608
717 	 170.450594 	 123.934135 	 0.000000 	 0.818183 	 -0.137642 	 -0.558240
718 	 164.174214 	 121.765716 	 0.000000 	 0.817981 	 -0.231863 	 -0.526447
719 	 165.454563 	 127.952714 	 0.000000 	 0.763246 	 -0.198035 	 -0.615011
720 	 157.773700 	 119.111623 	 0.000000 	 0.808757 	 -0.330481 	 -0.486513
721 	 158.549432 	 125.561327 	 0.000000 	 0.757146 	 -0.297493 	 -0.581574
722 	 159.461501 	 132.005188 	 0.000000 	 0.695851 	 -0.260701 	 -0.669198
723 	 151.405862 	 116.009924 	 0.000000 	 0.789103 	 -0.430128 	 -0.438527
724 	 151.660033 	 122.605941 	 0.000000 	 0.741432 	 -0.399888 	 -0.538858
725 	 151.959173 	 129.290961 	 0.000000 	 0.683089 	 -0.363830 	 -0.633259
726 	 152.316356 	 135.885472 	 0.000000 	 0.616410 	 -0.323398 	 -0.717950
727 	 145.222836 	 112.551435 	 0.000000 	 0.758571 	 -0.526772 	 -0.383513
728 	 144.979311 	 119.156352 	 0.000000 	 0.715179 	 -0.501159 	 -0.487195
729 	 144.693724 	 125.946534 	 0.000000 	 0.660665 	 -0.467886 	 -0.587030
730 	 144.354166 	 132.735912 	 0.000000 	 0.596872 	 -0.428041 	 -0.678620
731 	 143.943774 	 139.338343 	 0.000000 	 0.526772 	 -0.383513 	 -0.758571
732 	 139.351595 	 108.868559 	 0.000000 	 0.717950 	 -0.616410 	 -0.323398
733 	 138.667171 	 115.343285 	 0.000000 	 0.678620 	 -0.596872 	 -0.428041
734 	 137.870390 	 122.089408 	 0.000000 	 0.628323 	 -0.568324 	 -0.531242
735 	 136.931511 	 128.926523 	 0.000000 	 0.568324 	 -0.531242 	 -0.628323
736 	 135.809471 	 135.657888 	 0.000000 	 0.501159 	 -0.487195 	 -0.715179
737 	 134.446058 	 142.101784 	 0.000000 	 0.430128 	 -0.438527 	 -0.789103
738 	 133.881407 	 105.111673 	 0.000000 	 0.669198 	 -0.695851 	 -0.260701
739 	 132.832089 	 111.335579 	 0.000000 	 0.633259 	 -0.683089 	 -0.363830
740 	 131.622493 	 117.897144 	 0.000000 	 0.587030 	 -0.660665 	 -0.467886
741 	 130.214236 	 124.633416 	 0.000000 	 0.531242 	 -0.628323 	 -0.568324
742 	 128.556206 	 131.350631 	 0.000000 	 0.467886 	 -0.587030 	 -0.660665
743 	 126.579174 	 137.853569 	 0.000000 	 0.399888 	 -0.538858 	 -0.741432
744 	 124.187683 	 143.974667 	 0.000000 	 0.330481 	 -0.486513 	 -0.808757
745 	 128.861303 	 101.422052 	 0.000000 	 0.615011 	 -0.763246 	 -0.198035
746 	 127.528366 	 107.307104 	 0.000000 	 0.581574 	 -0.757146 	 -0.297493
747 	 126.008903 	 113.571149 	 0.000000 	 0.538858 	 -0.741432 	 -0.399888
748 	 124.263482 	 120.076698 	 0.000000 	 0.487195 	 -0.715179 	 -0.501159
749 	 122.241745 	 126.646174 	 0.000000 	 0.428041 	 -0.678620 	 -0.596872
750 	 119.878901 	 133.085541 	 0.000000 	 0.363830 	 -0.633259 	 -0.683089
751 	 117.091160 	 139.213201 	 0.000000 	 0.297493 	 -0.581574 	 -0.757146
752 	 113.770119 	 144.883195 	 0.000000 	 0.231863 	 -0.526447 	 -0.817981
753 	 124.305398 	 97.911436 	 0.000000 	 0.558240 	 -0.818183 	 -0.137642
754 	 122.765063 	 103.406777 	 0.000000 	 0.526447 	 -0.817981 	 -0.231863
755 	 121.029264 	 109.297959 	 0.000000 	 0.486513 	 -0.808757 	 -0.330481
756 	 119.062158 	 115.475703 	 0.000000 	 0.438527 	 -0.789103 	 -0.430128
757 	 116.819920 	 121.787612 	 0.000000 	 0.383513 	 -0.758571 	 -0.526772
758 	 114.249032 	 128.054467 	 0.000000 	 0.323398 	 -0.717950 	 -0.616410
759 	 111.284528 	 134.095095 	 0.000000 	 0.260701 	 -0.669198 	 -0.695851
760 	 107.848651 	 139.751165 	 0.000000 	 0.198035 	 -0.615011 	 -0.763246
761 	 103.850852 	 144.903307 	 0.000000 	 0.137642 	 -0.558240 	 -0.818183
762 	 174.619788 	 114.872301 	 0.000000 	 0.903250 	 -0.085068 	 -0.420597
763 	 174.619788 	 109.172451 	 0.000000 	 0.940373 	 -0.088564 	 -0.328413
764 	 168.944402 	 112.528811 	 0.000000 	 0.906545 	 -0.177128 	 -0.383148
765 	 174.619788 	 103.050597 	 0.000000 	 0.969879 	 -0.091343 	 -0.225811
766 	 168.944402 	 106.503910 	 0.000000 	 0.941007 	 -0.183861 	 -0.284081
767 	 163.067562 	 109.798734 	 0.000000 	 0.900100 	 -0.274028 	 -0.338717
768 	 174.619788 	 96.611043 	 0.000000 	 0.988974 	 -0.093141 	 -0.115129
769 	 168.944402 	 100.080312 	 0.000000 	 0.966291 	 -0.188801 	 -0.175028
770 	 163.067562 	 103.495632 	 0.000000 	 0.930234 	 -0.283202 	 -0.233371
771 	 157.106092 	 106.727578 	 0.000000 	 0.882244 	 -0.372564 	 -0.287822
772 	 174.619788 	 90.000000 	 0.000000 	 0.995594 	 -0.093764 	 0.000000
773 	 168.944402 	 93.391241 	 0.000000 	 0.979723 	 -0.191426 	 -0.059154
774 	 163.067562 	 96.842721 	 0.000000 	 0.949835 	 -0.289169 	 -0.119144
775 	 157.106092 	 100.221924 	 0.000000 	 0.906605 	 -0.382851 	 -0.177461
776 	 151.187239 	 103.402982 	 0.000000 	 0.852335 	 -0.468822 	 -0.231799
777 	 174.619788 	 83.388957 	 0.000000 	 0.988974 	 -0.093141 	 0.115129
778 	 168.944402 	 86.608759 	 0.000000 	 0.979723 	 -0.191426 	 0.059154
779 	 163.067562 	 90.000000 	 0.000000 	 0.956649 	 -0.291244 	 0.000000
780 	 157.106092 	 93.439786 	 0.000000 	 0.919567 	 -0.388325 	 -0.060000
781 	 151.187239 	 96.794437 	 0.000000 	 0.870046 	 -0.478564 	 -0.118308
782 	 145.432946 	 99.944428 	 0.000000 	 0.811091 	 -0.558846 	 -0.172693
783 	 174.619788 	 76.949403 	 0.000000 	 0.969879 	 -0.091343 	 0.225811
784 	 168.944402 	 79.919688 	 0.000000 	 0.966291 	 -0.188801 	 0.175028
785 	 163.067562 	 83.157279 	 0.000000 	 0.949835 	 -0.289169 	 0.119144
786 	 157.106092 	 86.560214 	 0.000000 	 0.919567 	 -0.388325 	 0.060000
787 	 151.187239 	 90.000000 	 0.000000 	 0.876199 	 -0.481949 	 0.000000
788 	 145.432946 	 93.344696 	 0.000000 	 0.822060 	 -0.566404 	 -0.058343
789 	 139.945703 	 96.482844 	 0.000000 	 0.760541 	 -0.639398 	 -0.112906
790 	 174.619788 	 70.827549 	 0.000000 	 0.940373 	 -0.088564 	 0.328413
791 	 168.944402 	 73.496090 	 0.000000 	 0.941007 	 -0.183861 	 0.284081
792 	 163.067562 	 76.504368 	 0.000000 	 0.930234 	 -0.283202 	 0.233371
793 	 157.106092 	 79.778076 	 0.000000 	 0.906605 	 -0.382851 	 0.177461
794 	 151.187239 	 83.205563 	 0.000000 	 0.870046 	 -0.478564 	 0.118308
795 	 145.432946 	 86.655304 	 0.000000 	 0.822060 	 -0.566404 	 0.058343
796 	 139.945703 	 90.000000 	 0.000000 	 0.765435 	 -0.643513 	 0.000000
797 	 134.799742 	 93.137677 	 0.000000 	 0.703575 	 -0.708510 	 -0.054735
798 	 174.619788 	 65.127699 	 0.000000 	 0.903250 	 -0.085068 	 0.420597
799 	 168.944402 	 67.471189 	 0.000000 	 0.906545 	 -0.177128 	 0.383148
800 	 163.067562 	 70.201266 	 0.000000 	 0.900100 	 -0.274028 	 0.338717
801 	 157.106092 	 73.272422 	 0.000000 	 0.882244 	 -0.372564 	 0.287822
802 	 151.187239 	 76.597018 	 0.000000 	 0.852335 	 -0.468822 	 0.231799
803 	 145.432946 	 80.055572 	 0.000000 	 0.811091 	 -0.558846 	 0.172693
804 	 139.945703 	 83.517156 	 0.000000 	 0.760541 	 -0.639398 	 0.112906
805 	 134.799742 	 86.862323 	 0.000000 	 0.703575 	 -0.708510 	 0.054735
806 	 130.038865 	 90.000000 	 0.000000 	 0.643307 	 -0.765608 	 0.000000
807 	 170.450594 	 56.065865 	 0.000000 	 0.818183 	 -0.137642 	 0.558240
808 	 165.454563 	 52.047286 	 0.000000 	 0.763246 	 -0.198035 	 0.615011
809 	 164.174214 	 58.234284 	 0.000000 	 0.817981 	 -0.231863 	 0.526447
810 	 159.461501 	 47.994812 	 0.000000 	 0.695851 	 -0.260701 	 0.669198
811 	 158.549432 	 54.438673 	 0.000000 	 0.757146 	 -0.297493 	 0.581574
812 	 157.773700 	 60.888377 	 0.000000 	 0.808757 	 -0.330481 	 0.486513
813 	 152.316356 	 44.114528 	 0.000000 	 0.616410 	 -0.323398 	 0.717950
814 	 151.959173 	 50.709039 	 0.000000 	 0.683089 	 -0.363830 	 0.633259
815 	 151.660033 	 57.394059 	 0.000000 	 0.741432 	 -0.399888 	 0.538858
816 	 151.405862 	 63.990076 	 0.000000 	 0.789103 	 -0.430128 	 0.438527
817 	 143.943774 	 40.661657 	 0.000000 	 0.526772 	 -0.383513 	 0.758571
818 	 144.354166 	 47.264088 	 0.000000 	 0.596872 	 -0.428041 	 0.678620
819 	 144.693724 	 54.053466 	 0.000000 	 0.660665 	 -0.467886 	 0.587030
820 	 144.979311 	 60.843648 	 0.000000 	 0.715179 	 -0.501159 	 0.487195
821 	 145.222836 	 67.448565 	 0.000000 	 0.758571 	 -0.526772 	 0.383513
822 	 134.446058 	 37.898216 	 0.000000 	 0.430128 	 -0.438527 	 0.789103
823 	 135.809471 	 44.342112 	 0.000000 	 0.501159 	 -0.487195 	 0.715179
824 	 136.931511 	 51.073477 	 0.000000 	 0.568324 	 -0.531242 	 0.628323
825 	 137.870390 	 57.910592 	 0.000000 	 0.628323 	 -0.568324 	 0.531242
826 	 138.667171 	 64.656715 	 0.000000 	 0.678620 	 -0.596872 	 0.428041
827 	 139.351595 	 71.131441 	 0.000000 	 0.717950 	 -0.616410 	 0.323398
828 	 124.187683 	 36.025333 	 0.000000 	 0.330481 	 -0.486513 	 0.808757
829 	 126.579174 	 42.146431 	 0.000000 	 0.399888 	 -0.538858 	 0.741432
830 	 128.556206 	 48.649369 	 0.000000 	 0.467886 	 -0.587030 	 0.660665
831 	 130.214236 	 55.366584 	 0.000000 	 0.531242 	 -0.628323 	 0.568324
832 	 131.622493 	 62.102856 	 0.000000 	 0.587030 	 -0.660665 	 0.467886
833 	 132.832089 	 68.664421 	 0.000000 	 0.633259 	 -0.683089 	 0.363830
834 	 133.881407 	 74.888327 	 0.000000 	 0.669198 	 -0.695851 	 0.260701
835 	 113.770119 	 35.116805 	 0.000000 	 0.231863 	 -0.526447 	 0.817981
836 	 117.091160 	 40.786799 	 0.000000 	 0.297493 	 -0.581574 	 0.757146
837 	 119.878901 	 46.914459 	 0.000000 	 0.363830 	 -0.633259 	 0.683089
838 	 122.241745 	 53.353826 	 0.000000 	 0.428041 	 -0.678620 	 0.596872
839 	 124.263482 	 59.923302 	 0.000000 	 0.487195 	 -0.715179 	 0.501159
840 	 126.008903 	 66.428851 	 0.000000 	 0.538858 	 -0.741432 	 0.399888
841 	 127.528366 	 72.692896 	 0.000000 	 0.581574 	 -0.757146 	 0.297493
842 	 128.861303 	 78.577948 	 0.000000 	 0.615011 	 -0.763246 	 0.198035
843 	 103.850852 	 35.096693 	 0.000000 	 0.137642 	 -0.558240 	 0.818183
844 	 107.848651 	 40.248835 	 0.000000 	 0.198035 	 -0.615011 	 0.763246
845 	 111.284528 	 45.904905 	 0.000000 	 0.260701 	 -0.669198 	 0.695851
846 	 114.249032 	 51.945533 	 0.000000 	 0.323398 	 -0.717950 	 0.616410
847 	 116.819920 	 58.212388 	 0.000000 	 0.383513 	 -0.758571 	 0.526772
848 	 119.062158 	 64.524297 	 0.000000 	 0.438527 	 -0.789103 	 0.430128
849 	 121.029264 	 70.702041 	 0.000000 	 0.486513 	 -0.808757 	 0.330481
850 	 122.765063 	 76.593223 	 0.000000 	 0.526447 	 -0.817981 	 0.231863
851 	 124.305398 	 82.088564 	 0.000000 	 0.558240 	 -0.818183 	 0.137642
852 	 90.000000 	 40.038865 	 0.000000 	 0.000000 	 -0.643307 	 0.765608
853 	 85.551567 	 44.886171 	 0.000000 	 -0.054735 	 -0.703575 	 0.708510
854 	 94.448433 	 44.886171 	 0.000000 	 0.054735 	 -0.703575 	 0.708510
855 	 81.555853 	 50.253021 	 0.000000 	 -0.112906 	 -0.760541 	 0.639398
856 	 90.000000 	 49.945703 	 0.000000 	 0.000000 	 -0.765435 	 0.643513
857 	 98.444147 	 50.253021 	 0.000000 	 0.112906 	 -0.760541 	 0.639398
858 	 77.980385 	 56.023972 	 0.000000 	 -0.172693 	 -0.811091 	 0.558846
859 	 85.940441 	 55.500164 	 0.000000 	 -0.058343 	 -0.822060 	 0.566404
860 	 94.059559 	 55.500164 	 0.000000 	 0.058343 	 -0.822060 	 0.566404
861 	 102.019615 	 56.023972 	 0.000000 	 0.172693 	 -0.811091 	 0.558846
862 	 74.785964 	 62.042118 	 0.000000 	 -0.231799 	 -0.852335 	 0.468822
863 	 82.256497 	 61.408336 	 0.000000 	 -0.118308 	 -0.870046 	 0.478564
864 	 90.000000 	 61.187239 	 0.000000 	 -0.000000 	 -0.876199 	 0.481949
865 	 97.743503 	 61.408336 	 0.000000 	 0.118308 	 -0.870046 	 0.478564
866 	 105.214036 	 62.042118 	 0.000000 	 0.231799 	 -0.852335 	 0.468822
867 	 71.931710 	 68.126167 	 0.000000 	 -0.287822 	 -0.882244 	 0.372564
868 	 78.924799 	 67.489590 	 0.000000 	 -0.177461 	 -0.906605 	 0.382851
869 	 86.266880 	 67.149676 	 0.000000 	 -0.060000 	 -0.919567 	 0.388325
870 	 93.733120 	 67.149676 	 0.000000 	 0.060000 	 -0.919567 	 0.388325
871 	 101.075201 	 67.489590 	 0.000000 	 0.177461 	 -0.906605 	 0.382851
872 	 108.068290 	 68.126167 	 0.000000 	 0.287822 	 -0.882244 	 0.372564
873 	 69.378145 	 74.095907 	 0.000000 	 -0.338717 	 -0.900100 	 0.274028
874 	 75.916646 	 73.548600 	 0.000000 	 -0.233371 	 -0.930234 	 0.283202
875 	 82.850338 	 73.191770 	 0.000000 	 -0.119144 	 -0.949835 	 0.289169
876 	 90.000000 	 73.067562 	 0.000000 	 -0.000000 	 -0.956649 	 0.291244
877 	 97.149662 	 73.191770 	 0.000000 	 0.119144 	 -0.949835 	 0.289169
878 	 104.083354 	 73.548600 	 0.000000 	 0.233371 	 -0.930234 	 0.283202
879 	 110.621855 	 74.095907 	 0.000000 	 0.338717 	 -0.900100 	 0.274028
880 	 67.088822 	 79.797508 	 0.000000 	 -0.383148 	 -0.906545 	 0.177128
881 	 73.201442 	 79.405270 	 0.000000 	 -0.284081 	 -0.941007 	 0.183861
882 	 79.733093 	 79.117163 	 0.000000 	 -0.175028 	 -0.966291 	 0.188801
883 	 86.544786 	 78.964005 	 0.000000 	 -0.059154 	 -0.979723 	 0.191426
884 	 93.455214 	 78.964005 	 0.000000 	 0.059154 	 -0.979723 	 0.191426
885 	 100.266907 	 79.117163 	 0.000000 	 0.175028 	 -0.966291 	 0.188801
886 	 106.798558 	 79.405270 	 0.000000 	 0.284081 	 -0.941007 	 0.183861
887 	 112.911178 	 79.797508 	 0.000000 	 0.383148 	 -0.906545 	 0.177128
888 	 65.031028 	 85.120089 	 0.000000 	 -0.420597 	 -0.903250 	 0.085068
889 	 70.748940 	 84.919013 	 0.000000 	 -0.328413 	 -0.940373 	 0.088564
890 	 76.893642 	 84.759147 	 0.000000 	 -0.225811 	 -0.969879 	 0.091343
891 	 83.359963 	 84.655668 	 0.000000 	 -0.115129 	 -0.988974 	 0.093141
892 	 90.000000 	 84.619788 	 0.000000 	 -0.000000 	 -0.995594 	 0.093764
893 	 96.640037 	 84.655668 	 0.000000 	 0.115129 	 -0.988974 	 0.093141
894 	 103.106358 	 84.759147 	 0.000000 	 0.225811 	 -0.969879 	 0.091343
895 	 109.251060 	 84.919013 	 0.000000 	 0.328413 	 -0.940373 	 0.088564
896 	 114.968972 	 85.120089 	 0.000000 	 0.420597 	 -0.903250 	 0.085068
897 	 76.149148 	 35.096693 	 0.000000 	 -0.137642 	 -0.558240 	 0.818183
898 	 66.229881 	 35.116805 	 0.000000 	 -0.231863 	 -0.526447 	 0.817981
899 	 72.151349 	 40.248835 	 0.000000 	 -0.198035 	 -0.615011 	 0.763246
900 	 55.812317 	 36.025333 	 0.000000 	 -0.330481 	 -0.486513 	 0.808757
901 	 62.908840 	 40.786799 	 0.000000 	 -0.297493 	 -0.581574 	 0.757146
902 	 68.715472 	 45.904905 	 0.000000 	 -0.260701 	 -0.669198 	 0.695851
903 	 45.553942 	 37.898216 	 0.000000 	 -0.430128 	 -0.438527 	 0.789103
904 	 53.420826 	 42.146431 	 0.000000 	 -0.399888 	 -0.538858 	 0.741432
905 	 60.121099 	 46.914459 	 0.000000 	 -0.363830 	 -0.633259 	 0.683089
906 	 65.750968 	 51.945533 	 0.000000 	 -0.323398 	 -0.717950 	 0.616410
907 	 36.056226 	 40.661657 	 0.000000 	 -0.526772 	 -0.383513 	 0.758571
908 	 44.190529 	 44.342112 	 0.000000 	 -0.501159 	 -0.487195 	 0.715179
909 	 51.443794 	 48.649369 	 0.000000 	 -0.467886 	 -0.587030 	 0.660665
910 	 57.758255 	 53.353826 	 0.000000 	 -0.428041 	 -0.678620 	 0.596872
911 	 63.180080 	 58.212388 	 0.000000 	 -0.383513 	 -0.758571 	 0.526772
912 	 27.683644 	 44.114528 	 0.000000 	 -0.616410 	 -0.323398 	 0.717950
913 	 35.645834 	 47.264088 	 0.000000 	 -0.596872 	 -0.428041 	 0.678620
914 	 43.068489 	 51.073477 	 0.000000 	 -0.568324 	 -0.531242 	 0.628323
915 	 49.785764 	 55.366584 	 0.000000 	 -0.531242 	 -0.628323 	 0.568324
916 	 55.736518 	 59.923302 	 0.000000 	 -0.487195 	 -0.715179 	 0.501159
917 	 60.937842 	 64.524297 	 0.000000 	 -0.438527 	 -0.789103 	 0.430128
918 	 20.538499 	 47.994812 	 0.000000 	 -0.695851 	 -0.260701 	 0.669198
919 	 28.040827 	 50.709039 	 0.000000 	 -0.683089 	 -0.363830 	 0.633259
920 	 35.306276 	 54.053466 	 0.000000 	 -0.660665 	 -0.467886 	 0.587030
921 	 42.129610 	 57.910592 	 0.000000 	 -0.628323 	 -0.568324 	 0.531242
922 	 48.377507 	 62.102856 	 0.000000 	 -0.587030 	 -0.660665 	 0.467886
923 	 53.991097 	 66.428851 	 0.000000 	 -0.538858 	 -0.741432 	 0.399888
924 	 58.970736 	 70.702041 	 0.000000 	 -0.486513 	 -0.808757 	 0.330481
925 	 14.545437 	 52.047286 	 0.000000 	 -0.763246 	 -0.198035 	 0.615011
926 	 21.450568 	 54.438673 	 0.000000 	 -0.757146 	 -0.297493 	 0.581574
927 	 28.339967 	 57.394059 	 0.000000 	 -0.741432 	 -0.399888 	 0.538858
928 	 35.020689 	 60.843648 	 0.000000 	 -0.715179 	 -0.501159 	 0.487195
929 	 41.332829 	 64.656715 	 0.000000 	 -0.678620 	 -0.596872 	 0.428041
930 	 47.167911 	 68.664421 	 0.000000 	 -0.633259 	 -0.683089 	 0.363830
931 	 52.471634 	 72.692896 	 0.000000 	 -0.581574 	 -0.757146 	 0.297493
932 	 57.234937 	 76.593223 	 0.000000 	 -0.526447 	 -0.817981 	 0.231863
933 	 9.549406 	 56.065865 	 0.000000 	 -0.818183 	 -0.137642 	 0.558240
934 	 15.825786 	 58.234284 	 0.000000 	 -0.817981 	 -0.231863 	 0.526447
935 	 22.226300 	 60.888377 	 0.000000 	 -0.808757 	 -0.330481 	 0.486513
936 	 28.594138 	 63.990076 	 0.000000 	 -0.789103 	 -0.430128 	 0.438527
937 	 34.777164 	 67.448565 	 0.000000 	 -0.758571 	 -0.526772 	 0.383513
938 	 40.648405 	 71.131441 	 0.000000 	 -0.717950 	 -0.616410 	 0.323398
939 	 46.118593 	 74.888327 	 0.000000 	 -0.669198 	 -0.695851 	 0.260701
940 	 51.138697 	 78.577948 	 0.000000 	 -0.615011 	 -0.763246 	 0.198035
941 	 55.694602 	 82.088564 	 0.000000 	 -0.558240 	 -0.818183 	 0.137642
942 	 5.380212 	 65.127699 	 0.000000 	 -0.903250 	 -0.085068 	 0.420597
943 	 5.380212 	 70.827549 	 0.000000 	 -0.940373 	 -0.088564 	 0.328413
944 	 11.055598 	 67.471189 	 0.000000 	 -0.906545 	 -0.177128 	 0.383148
945 	 5.380212 	 76.949403 	 0.000000 	 -0.969879 	 -0.091343 	 0.225811
946 	 11.055598 	 73.496090 	 0.000000 	 -0.941007 	 -0.183861 	 0.284081
947 	 16.932438 	 70.201266 	 0.000000 	 -0.900100 	 -0.274028 	 0.338717
948 	 5.380212 	 83.388957 	 0.000000 	 -0.988974 	 -0.093141 	 0.115129
949 	 11.055598 	 79.919688 	 0.000000 	 -0.966291 	 -0.188801 	 0.175028
950 	 16.932438 	 76.504368 	 0.000000 	 -0.930234 	 -0.283202 	 0.233371
951 	 22.893908 	 73.272422 	 0.000000 	 -0.882244 	 -0.372564 	 0.287822
952 	 5.380212 	 90.000000 	 0.000000 	 -0.995594 	 -0.093764 	 -0.000000
953 	 11.055598 	 86.608759 	 0.000000 	 -0.979723 	 -0.191426 	 0.059154
954 	 16.932438 	 83.157279 	 0.000000 	 -0.949835 	 -0.289169 	 0.119144
955 	 22.893908 	 79.778076 	 0.000000 	 -0.906605 	 -0.382851 	 0.177461
956 	 28.812761 	 76.597018 	 0.000000 	 -0.852335 	 -0.468822 	 0.231799
957 	 5.380212 	 96.611043 	 0.000000 	 -0.988974 	 -0.093141 	 -0.115129
958 	 11.055598 	 93.391241 	 0.000000 	 -0.979723 	 -0.191426 	 -0.059154
959 	 16.932438 	 90.000000 	 0.000000 	 -0.956649 	 -0.291244 	 -0.000000
960 	 22.893908 	 86.560214 	 0.000000 	 -0.919567 	 -0.388325 	 0.060000
961 	 28.812761 	 83.205563 	 0.000000 	 -0.870046 	 -0.478564 	 0.118308
962 	 34.567054 	 80.055572 	 0.000000 	 -0.811091 	 -0.558846 	 0.172693
963 	 5.380212 	 103.050597 	 0.000000 	 -0.969879 	 -0.091343 	 -0.225811
964 	 11.055598 	 100.080312 	 0.000000 	 -0.966291 	 -0.188801 	 -0.175028
965 	 16.932438 	 96.842721 	 0.000000 	 -0.949835 	 -0.289169 	 -0.119144
966 	 22.893908 	 93.439786 	 0.000000 	 -0.919567 	 -0.388325 	 -0.060000
967 	 28.812761 	 90.000000 	 0.000000 	 -0.876199 	 -0.481949 	 -0.000000
968 	 34.567054 	 86.655304 	 0.000000 	 -0.822060 	 -0.566404 	 0.058343
969 	 40.054297 	 83.517156 	 0.000000 	 -0.760541 	 -0.639398 	 0.112906
970 	 5.380212 	 109.172451 	 0.000000 	 -0.940373 	 -0.088564 	 -0.328413
971 	 11.055598 	 106.503910 	 0.000000 	 -0.941007 	 -0.183861 	 -0.284081
972 	 16.932438 	 103.495632 	 0.000000 	 -0.930234 	 -0.283202 	 -0.233371
973 	 22.893908 	 100.221924 	 0.000000 	 -0.906605 	 -0.382851 	 -0.177461
974 	 28.812761 	 96.794437 	 0.000000 	 -0.870046 	 -0.478564 	 -0.118308
975 	 34.567054 	 93.344696 	 0.000000 	 -0.822060 	 -0.566404 	 -0.058343
976 	 40.054297 	 90.000000 	 0.000000 	 -0.765435 	 -0.643513 	 -0.000000
977 	 45.200258 	 86.862323 	 0.000000 	 -0.703575 	 -0.708510 	 0.054735
978 	 5.380212 	 114.872301 	 0.000000 	 -0.903250 	 -0.085068 	 -0.420597
979 	 11.055598 	 112.528811 	 0.000000 	 -0.906545 	 -0.177128 	 -0.383148
980 	 16.932438 	 109.798734 	 0.000000 	 -0.900100 	 -0.274028 	 -0.338717
981 	 22.893908 	 106.727578 	 0.000000 	 -0.882244 	 -0.372564 	 -0.287822
982 	 28.812761 	 103.402982 	 0.000000 	 -0.852335 	 -0.468822 	 -0.231799
983 	 34.567054 	 99.944428 	 0.000000 	 -0.811091 	 -0.558846 	 -0.172693
984 	 40.054297 	 96.482844 	 0.000000 	 -0.760541 	 -0.639398 	 -0.112906
985 	 45.200258 	 93.137677 	 0.000000 	 -0.703575 	 -0.708510 	 -0.054735
986 	 49.961135 	 90.000000 	 0.000000 	 -0.643307 	 -0.765608 	 -0.000000
987 	 9.549406 	 123.934135 	 0.000000 	 -0.818183 	 -0.137642 	 -0.558240
988 	 14.545437 	 127.952714 	 0.000000 	 -0.763246 	 -0.198035 	 -0.615011
989 	 15.825786 	 121.765716 	 0.000000 	 -0.817981 	 -0.231863 	 -0.526447
990 	 20.538499 	 132.005188 	 0.000000 	 -0.695851 	 -0.260701 	 -0.669198
991 	 21.450568 	 125.561327 	 0.000000 	 -0.757146 	 -0.297493 	 -0.581574
992 	 22.226300 	 119.111623 	 0.000000 	 -0.808757 	 -0.330481 	 -0.486513
993 	 27.683644 	 135.885472 	 0.000000 	 -0.616410 	 -0.323398 	 -0.717950
994 	 28.040827 	 129.290961 	 0.000000 	 -0.683089 	 -0.363830 	 -0.633259
995 	 28.339967 	 122.605941 	 0.000000 	 -0.741432 	 -0.399888 	 -0.538858
996 	 28.594138 	 116.009924 	 0.000000 	 -0.789103 	 -0.430128 	 -0.438527
997 	 36.056226 	 139.338343 	 0.000000 	 -0.526772 	 -0.383513 	 -0.758571
998 	 35.645834 	 132.735912 	 0.000000 	 -0.596872 	 -0.428041 	 -0.678620
999 	 35.306276 	 125.946534 	 0.000000 	 -0.660665 	 -0.467886 	 -0.587030
1000 	 35.020689 	 119.156352 	 0.000000 	 -0.715179 	 -0.501159 	 -0.487195
1001 	 34.777164 	 112.551435 	 0.000000 	 -0.758571 	 -0.526772 	 -0.383513
1002 	 45.553942 	 142.101784 	 0.000000 	 -0.430128 	 -0.438527 	 -0.789103
1003 	 44.190529 	 135.657888 	 0.000000 	 -0.501159 	 -0.487195 	 -0.715179
1004 	 43.068489 	 128.926523 	 0.000000 	 -0.568324 	 -0.531242 	 -0.628323
1005 	 42.129610 	 122.089408 	 0.000000 	 -0.628323 	 -0.568324 	 -0.531242
1006 	 41.332829 	 115.343285 	 0.000000 	 -0.678620 	 -0.596872 	 -0.428041
1007 	 40.648405 	 108.868559 	 0.000000 	 -0.717950 	 -0.616410 	 -0.323398
1008 	 55.812317 	 143.974667 	 0.000000 	 -0.330481 	 -0.486513 	 -0.808757
1009 	 53.420826 	 137.853569 	 0.000000 	 -0.399888 	 -0.538858 	 -0.741432
1010 	 51.443794 	 131.350631 	 0.000000 	 -0.467886 	 -0.587030 	 -0.660665
1011 	 49.785764 	 124.633416 	 0.000000 	 -0.531242 	 -0.628323 	 -0.568324
1012 	 48.377507 	 117.897144 	 0.000000 	 -0.587030 	 -0.660665 	 -0.467886
1013 	 47.167911 	 111.335579 	 0.000000 	 -0.633259 	 -0.683089 	 -0.363830
1014 	 46.118593 	 105.111673 	 0.000000 	 -0.669198 	 -0.695851 	 -0.260701
1015 	 66.229881 	 144.883195 	 0.000000 	 -0.231863 	 -0.526447 	 -0.817981
1016 	 62.908840 	 139.213201 	 0.000000 	 -0.297493 	 -0.581574 	 -0.757146
1017 	 60.121099 	 133.085541 	 0.000000 	 -0.363830 	 -0.633259 	 -0.683089
1018 	 57.758255 	 126.646174 	 0.000000 	 -0.428041 	 -0.678620 	 -0.596872
1019 	 55.736518 	 120.076698 	 0.000000 	 -0.487195 	 -0.715179 	 -0.501159
1020 	 53.991097 	 113.571149 	 0.000000 	 -0.538858 	 -0.741432 	 -0.399888
1021 	 52.471634 	 107.307104 	 0.000000 	 -0.581574 	 -0.757146 	 -0.297493
1022 	 51.138697 	 101.422052 	 0.000000 	 -0.615011 	 -0.763246 	 -0.198035
1023 	 76.149148 	 144.903307 	 0.000000 	 -0.137642 	 -0.558240 	 -0.818183
1024 	 72.151349 	 139.751165 	 0.000000 	 -0.198035 	 -0.615011 	 -0.763246
1025 	 68.715472 	 134.095095 	 0.000000 	 -0.260701 	 -0.669198 	 -0.695851
1026 	 65.750968 	 128.054467 	 0.000000 	 -0.323398 	 -0.717950 	 -0.616410
1027 	 63.180080 	 121.787612 	 0.000000 	 -0.383513 	 -0.758571 	 -0.526772
1028 	 60.937842 	 115.475703 	 0.000000 	 -0.438527 	 -0.789103 	 -0.430128
1029 	 58.970736 	 109.297959 	 0.000000 	 -0.486513 	 -0.808757 	 -0.330481
1030 	 57.234937 	 103.406777 	 0.000000 	 -0.526447 	 -0.817981 	 -0.231863
1031 	 55.694602 	 97.911436 	 0.000000 	 -0.558240 	 -0.818183 	 -0.137642
1032 	 78.565930 	 154.588675 	 0.000000 	 -0.085068 	 -0.420597 	 -0.903250
1033 	 65.189115 	 155.032152 	 0.000000 	 -0.177128 	 -0.383148 	 -0.906545
1034 	 74.907925 	 160.114317 	 0.000000 	 -0.088564 	 -0.328413 	 -0.940373
1035 	 51.026553 	 154.171171 	 0.000000 	 -0.274028 	 -0.338717 	 -0.900100
1036 	 57.088507 	 160.221281 	 0.000000 	 -0.183861 	 -0.284081 	 -0.941007
1037 	 67.976249 	 165.901698 	 0.000000 	 -0.091343 	 -0.225811 	 -0.969879
1038 	 37.687611 	 151.914277 	 0.000000 	 -0.372564 	 -0.287822 	 -0.882244
1039 	 39.490069 	 158.471257 	 0.000000 	 -0.283202 	 -0.233371 	 -0.930234
1040 	 42.832089 	 165.081149 	 0.000000 	 -0.188801 	 -0.175028 	 -0.966291
1041 	 51.026553 	 171.483902 	 0.000000 	 -0.093141 	 -0.115129 	 -0.988974
1042 	 26.309043 	 148.466556 	 0.000000 	 -0.468822 	 -0.231799 	 -0.852335
1043 	 24.868925 	 155.040305 	 0.000000 	 -0.382851 	 -0.177461 	 -0.906605
1044 	 22.392771 	 161.774801 	 0.000000 	 -0.289169 	 -0.119144 	 -0.949835
1045 	 17.172038 	 168.442161 	 0.000000 	 -0.191426 	 -0.059154 	 -0.979723
1046 	 360.000000 	 174.619788 	 0.000000 	 -0.093764 	 0.000000 	 -0.995594
1047 	 17.172038 	 144.202644 	 0.000000 	 -0.558846 	 -0.172693 	 -0.811091
1048 	 13.885887 	 150.463964 	 0.000000 	 -0.478564 	 -0.118308 	 -0.870046
1049 	 8.783231 	 156.862877 	 0.000000 	 -0.388325 	 -0.060000 	 -0.919567
1050 	 360.000000 	 163.067562 	 0.000000 	 -0.291244 	 0.000000 	 -0.956649
1051 	 342.827962 	 168.442161 	 0.000000 	 -0.191426 	 0.059154 	 -0.979723
1052 	 308.973447 	 171.483902 	 0.000000 	 -0.093141 	 0.115129 	 -0.988974
1053 	 10.014123 	 139.511873 	 0.000000 	 -0.639398 	 -0.112906 	 -0.760541
1054 	 5.881049 	 145.291550 	 0.000000 	 -0.566404 	 -0.058343 	 -0.822060
1055 	 360.000000 	 151.187239 	 0.000000 	 -0.481949 	 0.000000 	 -0.876199
1056 	 351.216769 	 156.862877 	 0.000000 	 -0.388325 	 0.060000 	 -0.919567
1057 	 337.607229 	 161.774801 	 0.000000 	 -0.289169 	 0.119144 	 -0.949835
1058 	 317.167911 	 165.081149 	 0.000000 	 -0.188801 	 0.175028 	 -0.966291
1059 	 292.023751 	 165.901698 	 0.000000 	 -0.091343 	 0.225811 	 -0.969879
1060 	 4.417568 	 134.714511 	 0.000000 	 -0.708510 	 -0.054735 	 -0.703575
1061 	 360.000000 	 139.945703 	 0.000000 	 -0.643513 	 0.000000 	 -0.765435
1062 	 354.118951 	 145.291550 	 0.000000 	 -0.566404 	 0.058343 	 -0.822060
1063 	 346.114113 	 150.463964 	 0.000000 	 -0.478564 	 0.118308 	 -0.870046
1064 	 335.131075 	 155.040305 	 0.000000 	 -0.382851 	 0.177461 	 -0.906605
1065 	 320.509931 	 158.471257 	 0.000000 	 -0.283202 	 0.233371 	 -0.930234
1066 	 302.911493 	 160.221281 	 0.000000 	 -0.183861 	 0.284081 	 -0.941007
1067 	 285.092075 	 160.114317 	 0.000000 	 -0.088564 	 0.328413 	 -0.940373
1068 	 360.000000 	 130.038865 	 0.000000 	 -0.765608 	 0.000000 	 -0.643307
1069 	 355.582432 	 134.714511 	 0.000000 	 -0.708510 	 0.054735 	 -0.703575
1070 	 349.985877 	 139.511873 	 0.000000 	 -0.639398 	 0.112906 	 -0.760541
1071 	 342.827962 	 144.202644 	 0.000000 	 -0.558846 	 0.172693 	 -0.811091
1072 	 333.690957 	 148.466556 	 0.000000 	 -0.468822 	 0.231799 	 -0.852335
1073 	 322.312389 	 151.914277 	 0.000000 	 -0.372564 	 0.287822 	 -0.882244
1074 	 308.973447 	 154.171171 	 0.000000 	 -0.274028 	 0.338717 	 -0.900100
1075 	 294.810885 	 155.032152 	 0.000000 	 -0.177128 	 0.383148 	 -0.906545
1076 	 281.434070 	 154.588675 	 0.000000 	 -0.085068 	 0.420597 	 -0.903250
1077 	 180.000000 	 130.038865 	 0.000000 	 0.765608 	 0.000000 	 -0.643307
1078 	 175.582432 	 134.714511 	 0.000000 	 0.708510 	 -0.054735 	 -0.703575
1079 	 184.417568 	 134.714511 	 0.000000 	 0.708510 	 0.054735 	 -0.703575
1080 	 169.985877 	 139.511873 	 0.000000 	 0.639398 	 -0.112906 	 -0.760541
1081 	 180.000000 	 139.945703 	 0.000000 	 0.643513 	 0.000000 	 -0.765435
1082 	 190.014123 	 139.511873 	 0.000000 	 0.639398 	 0.112906 	 -0.760541
1083 	 162.827962 	 144.202644 	 0.000000 	 0.558846 	 -0.172693 	 -0.811091
1084 	 174.118951 	 145.291550 	 0.000000 	 0.566404 	 -0.058343 	 -0.822060
1085 	 185.881049 	 145.291550 	 0.000000 	 0.566404 	 0.058343 	 -0.822060
1086 	 197.172038 	 144.202644 	 0.000000 	 0.558846 	 0.172693 	 -0.811091
1087 	 153.690957 	 148.466556 	 0.000000 	 0.468822 	 -0.231799 	 -0.852335
1088 	 166.114113 	 150.463964 	 0.000000 	 0.478564 	 -0.118308 	 -0.870046
1089 	 180.000000 	 151.187239 	 0.000000 	 0.481949 	 -0.000000 	 -0.876199
1090 	 193.885887 	 150.463964 	 0.000000 	 0.478564 	 0.118308 	 -0.870046
1091 	 206.309043 	 148.466556 	 0.000000 	 0.468822 	 0.231799 	 -0.852335
1092 	 142.312389 	 151.914277 	 0.000000 	 0.372564 	 -0.287822 	 -0.882244
1093 	 155.131075 	 155.040305 	 0.000000 	 0.382851 	 -0.177461 	 -0.906605
1094 	 171.216769 	 156.862877 	 0.000000 	 0.388325 	 -0.060000 	 -0.919567
1095 	 188.783231 	 156.862877 	 0.000000 	 0.388325 	 0.060000 	 -0.919567
1096 	 204.868925 	 155.040305 	 0.000000 	 0.382851 	 0.177461 	 -0.906605
1097 	 217.687611 	 151.914277 	 0.000000 	 0.372564 	 0.287822 	 -0.882244
1098 	 128.973447 	 154.171171 	 0.000000 	 0.274028 	 -0.338717 	 -0.900100
1099 	 140.509931 	 158.471257 	 0.000000 	 0.283202 	 -0.233371 	 -0.930234
1100 	 157.607229 	 161.774801 	 0.000000 	 0.289169 	 -0.119144 	 -0.949835
1101 	 180.000000 	 163.067562 	 0.000000 	 0.291244 	 -0.000000 	 -0.956649
1102 	 202.392771 	 161.774801 	 0.000000 	 0.289169 	 0.119144 	 -0.949835
1103 	 219.490069 	 158.471257 	 0.000000 	 0.283202 	 0.233371 	 -0.930234
1104 	 231.026553 	 154.171171 	 0.000000 	 0.274028 	 0.338717 	 -0.900100
1105 	 114.810885 	 155.032152 	 0.000000 	 0.177128 	 -0.383148 	 -0.906545
1106 	 122.911493 	 160.221281 	 0.000000 	 0.183861 	 -0.284081 	 -0.941007
1107 	 137.167911 	 165.081149 	 0.000000 	 0.188801 	 -0.175028 	 -0.966291
1108 	 162.827962 	 168.442161 	 0.000000 	 0.191426 	 -0.059154 	 -0.979723
1109 	 197.172038 	 168.442161 	 0.000000 	 0.191426 	 0.059154 	 -0.979723
1110 	 222.832089 	 165.081149 	 0.000000 	 0.188801 	 0.175028 	 -0.966291
1111 	 237.088507 	 160.221281 	 0.000000 	 0.183861 	 0.284081 	 -0.941007
1112 	 245.189115 	 155.032152 	 0.000000 	 0.177128 	 0.383148 	 -0.906545
1113 	 101.434070 	 154.588675 	 0.000000 	 0.085068 	 -0.420597 	 -0.903250
1114 	 105.092075 	 160.114317 	 0.000000 	 0.088564 	 -0.328413 	 -0.940373
1115 	 112.023751 	 165.901698 	 0.000000 	 0.091343 	 -0.225811 	 -0.969879
1116 	 128.973447 	 171.483902 	 0.000000 	 0.093141 	 -0.115129 	 -0.988974
1117 	 180.000000 	 174.619788 	 0.000000 	 0.093764 	 -0.000000 	 -0.995594
1118 	 231.026553 	 171.483902 	 0.000000 	 0.093141 	 0.115129 	 -0.988974
1119 	 247.976249 	 165.901698 	 0.000000 	 0.091343 	 0.225811 	 -0.969879
1120 	 254.907925 	 160.114317 	 0.000000 	 0.088564 	 0.328413 	 -0.940373
1121 	 258.565930 	 154.588675 	 0.000000 	 0.085068 	 0.420597 	 -0.903250
1122 	 258.565930 	 25.411325 	 0.000000 	 0.085068 	 0.420597 	 0.903250
1123 	 254.907925 	 19.885683 	 0.000000 	 0.088564 	 0.328413 	 0.940373
1124 	 245.189115 	 24.967848 	 0.000000 	 0.177128 	 0.383148 	 0.906545
1125 	 247.976249 	 14.098302 	 0.000000 	 0.091343 	 0.225811 	 0.969879
1126 	 237.088507 	 19.778719 	 0.000000 	 0.183861 	 0.284081 	 0.941007
1127 	 231.026553 	 25.828829 	 0.000000 	 0.274028 	 0.338717 	 0.900100
1128 	 231.026553 	 8.516098 	 0.000000 	 0.093141 	 0.115129 	 0.988974
1129 	 222.832089 	 14.918851 	 0.000000 	 0.188801 	 0.175028 	 0.966291
1130 	 219.490069 	 21.528743 	 0.000000 	 0.283202 	 0.233371 	 0.930234
1131 	 217.687611 	 28.085723 	 0.000000 	 0.372564 	 0.287822 	 0.882244
1132 	 180.000000 	 5.380212 	 0.000000 	 0.093764 	 -0.000000 	 0.995594
1133 	 197.172038 	 11.557839 	 0.000000 	 0.191426 	 0.059154 	 0.979723
1134 	 202.392771 	 18.225199 	 0.000000 	 0.289169 	 0.119144 	 0.949835
1135 	 204.868925 	 24.959695 	 0.000000 	 0.382851 	 0.177461 	 0.906605
1136 	 206.309043 	 31.533444 	 0.000000 	 0.468822 	 0.231799 	 0.852335
1137 	 128.973447 	 8.516098 	 0.000000 	 0.093141 	 -0.115129 	 0.988974
1138 	 162.827962 	 11.557839 	 0.000000 	 0.191426 	 -0.059154 	 0.979723
1139 	 180.000000 	 16.932438 	 0.000000 	 0.291244 	 -0.000000 	 0.956649
1140 	 188.783231 	 23.137123 	 0.000000 	 0.388325 	 0.060000 	 0.919567
1141 	 193.885887 	 29.536036 	 0.000000 	 0.478564 	 0.118308 	 0.870046
1142 	 197.172038 	 35.797356 	 0.000000 	 0.558846 	 0.172693 	 0.811091
1143 	 112.023751 	 14.098302 	 0.000000 	 0.091343 	 -0.225811 	 0.969879
1144 	 137.167911 	 14.918851 	 0.000000 	 0.188801 	 -0.175028 	 0.966291
1145 	 157.607229 	 18.225199 	 0.000000 	 0.289169 	 -0.119144 	 0.949835
1146 	 171.216769 	 23.137123 	 0.000000 	 0.388325 	 -0.060000 	 0.919567
1147 	 180.000000 	 28.812761 	 0.000000 	 0.481949 	 -0.000000 	 0.876199
1148 	 185.881049 	 34.708450 	 0.000000 	 0.566404 	 0.058343 	 0.822060
1149 	 190.014123 	 40.488127 	 0.000000 	 0.639398 	 0.112906 	 0.760541
1150 	 105.092075 	 19.885683 	 0.000000 	 0.088564 	 -0.328413 	 0.940373
1151 	 122.911493 	 19.778719 	 0.000000 	 0.183861 	 -0.284081 	 0.941007
1152 	 140.509931 	 21.528743 	 0.000000 	 0.283202 	 -0.233371 	 0.930234
1153 	 155.131075 	 24.959695 	 0.000000 	 0.382851 	 -0.177461 	 0.906605
1154 	 166.114113 	 29.536036 	 0.000000 	 0.478564 	 -0.118308 	 0.870046
1155 	 174.118951 	 34.708450 	 0.000000 	 0.566404 	 -0.058343 	 0.822060
1156 	 180.000000 	 40.054297 	 0.000000 	 0.643513 	 -0.000000 	 0.765435
1157 	 184.417568 	 45.285489 	 0.000000 	 0.708510 	 0.054735 	 0.703575
1158 	 101.434070 	 25.411325 	 0.000000 	 0.085068 	 -0.420597 	 0.903250
1159 	 114.810885 	 24.967848 	 0.000000 	 0.177128 	 -0.383148 	 0.906545
1160 	 128.973447 	 25.828829 	 0.000000 	 0.274028 	 -0.338717 	 0.900100
1161 	 142.312389 	 28.085723 	 0.000000 	 0.372564 	 -0.287822 	 0.882244
1162 	 153.690957 	 31.533444 	 0.000000 	 0.468822 	 -0.231799 	 0.852335
1163 	 162.827962 	 35.797356 	 0.000000 	 0.558846 	 -0.172693 	 0.811091
1164 	 169.985877 	 40.488127 	 0.000000 	 0.639398 	 -0.112906 	 0.760541
1165 	 175.582432 	 45.285489 	 0.000000 	 0.708510 	 -0.054735 	 0.703575
1166 	 180.000000 	 49.961135 	 0.000000 	 0.765608 	 -0.000000 	 0.643307
1167 	 281.434070 	 25.411325 	 0.000000 	 -0.085068 	 0.420597 	 0.903250
1168 	 294.810885 	 24.967848 	 0.000000 	 -0.177128 	 0.383148 	 0.906545
1169 	 285.092075 	 19.885683 	 0.000000 	 -0.088564 	 0.328413 	 0.940373
1170 	 308.973447 	 25.828829 	 0.000000 	 -0.274028 	 0.338717 	 0.900100
1171 	 302.911493 	 19.778719 	 0.000000 	 -0.183861 	 0.284081 	 0.941007
1172 	 292.023751 	 14.098302 	 0.000000 	 -0.091343 	 0.225811 	 0.969879
1173 	 322.312389 	 28.085723 	 0.000000 	 -0.372564 	 0.287822 	 0.882244
1174 	 320.509931 	 21.528743 	 0.000000 	 -0.283202 	 0.233371 	 0.930234
1175 	 317.167911 	 14.918851 	 0.000000 	 -0.188801 	 0.175028 	 0.966291
1176 	 308.973447 	 8.516098 	 0.000000 	 -0.093141 	 0.115129 	 0.988974
1177 	 333.690957 	 31.533444 	 0.000000 	 -0.468822 	 0.231799 	 0.852335
1178 	 335.131075 	 24.959695 	 0.000000 	 -0.382851 	 0.177461 	 0.906605
1179 	 337.607229 	 18.225199 	 0.000000 	 -0.289169 	 0.119144 	 0.949835
1180 	 342.827962 	 11.557839 	 0.000000 	 -0.191426 	 0.059154 	 0.979723
1181 	 0.000000 	 5.380212 	 0.000000 	 -0.093764 	 -0.000000 	 0.995594
1182 	 342.827962 	 35.797356 	 0.000000 	 -0.558846 	 0.172693 	 0.811091
1183 	 346.114113 	 29.536036 	 0.000000 	 -0.478564 	 0.118308 	 0.870046
1184 	 351.216769 	 23.137123 	 0.000000 	 -0.388325 	 0.060000 	 0.919567
1185 	 0.000000 	 16.932438 	 0.000000 	 -0.291244 	 -0.000000 	 0.956649
1186 	 17.172038 	 11.557839 	 0.000000 	 -0.191426 	 -0.059154 	 0.979723
1187 	 51.026553 	 8.516098 	 0.000000 	 -0.093141 	 -0.115129 	 0.988974
1188 	 349.985877 	 40.488127 	 0.000000 	 -0.639398 	 0.112906 	 0.760541
1189 	 354.118951 	 34.708450 	 0.000000 	 -0.566404 	 0.058343 	 0.822060
1190 	 0.000000 	 28.812761 	 0.000000 	 -0.481949 	 -0.000000 	 0.876199
1191 	 8.783231 	 23.137123 	 0.000000 	 -0.388325 	 -0.060000 	 0.919567
1192 	 22.392771 	 18.225199 	 0.000000 	 -0.289169 	 -0.119144 	 0.949835
1193 	 42.832089 	 14.918851 	 0.000000 	 -0.188801 	 -0.175028 	 0.966291
1194 	 67.976249 	 14.098302 	 0.000000 	 -0.091343 	 -0.225811 	 0.969879
1195 	 355.582432 	 45.285489 	 0.000000 	 -0.708510 	 0.054735 	 0.703575
1196 	 0.000000 	 40.054297 	 0.000000 	 -0.643513 	 -0.000000 	 0.765435
1197 	 5.881049 	 34.708450 	 0.000000 	 -0.566404 	 -0.058343 	 0.822060
1198 	 13.885887 	 29.536036 	 0.000000 	 -0.478564 	 -0.118308 	 0.870046
1199 	 24.868925 	 24.959695 	 0.000000 	 -0.382851 	 -0.177461 	 0.906605
1200 	 39.490069 	 21.528743 	 0.000000 	 -0.283202 	 -0.233371 	 0.930234
1201 	 57.088507 	 19.778719 	 0.000000 	 -0.183861 	 -0.284081 	 0.941007
1202 	 74.907925 	 19.885683 	 0.000000 	 -0.088564 	 -0.328413 	 0.940373
1203 	 0.000000 	 49.961135 	 0.000000 	 -0.765608 	 -0.000000 	 0.643307
1204 	 4.417568 	 45.285489 	 0.000000 	 -0.708510 	 -0.054735 	 0.703575
1205 	 10.014123 	 40.488127 	 0.000000 	 -0.639398 	 -0.112906 	 0.760541
1206 	 17.172038 	 35.797356 	 0.000000 	 -0.558846 	 -0.172693 	 0.811091
1207 	 26.309043 	 31.533444 	 0.000000 	 -0.468822 	 -0.231799 	 0.852335
1208 	 37.687611 	 28.085723 	 0.000000 	 -0.372564 	 -0.287822 	 0.882244
1209 	 51.026553 	 25.828829 	 0.000000 	 -0.274028 	 -0.338717 	 0.900100
1210 	 65.189115 	 24.967848 	 0.000000 	 -0.177128 	 -0.383148 	 0.906545
1211 	 78.565930 	 25.411325 	 0.000000 	 -0.085068 	 -0.420597 	 0.903250
