0 	 270.000000 	 148.282526 	 0.000000 	 0.000000 	 0.525731 	 -0.850651
1 	 90.000000 	 148.282526 	 0.000000 	 0.000000 	 -0.525731 	 -0.850651
2 	 180.000000 	 121.717474 	 0.000000 	 0.850651 	 0.000000 	 -0.525731
3 	 180.000000 	 58.282526 	 0.000000 	 0.850651 	 0.000000 	 0.525731
4 	 270.000000 	 31.717474 	 0.000000 	 0.000000 	 0.525731 	 0.850651
5 	 90.000000 	 31.717474 	 0.000000 	 0.000000 	 -0.525731 	 0.850651
6 	 360.000000 	 58.282526 	 0.000000 	 -0.850651 	 0.000000 	 0.525731
7 	 360.000000 	 121.717474 	 0.000000 	 -0.850651 	 0.000000 	 -0.525731
8 	 238.282526 	 90.000000 	 0.000000 	 0.525731 	 0.850651 	 0.000000
9 	 301.717474 	 90.000000 	 0.000000 	 -0.525731 	 0.850651 	 0.000000
10 	 58.282526 	 90.000000 	 0.000000 	 -0.525731 	 -0.850651 	 0.000000
11 	 121.717474 	 90.000000 	 0.000000 	 0.525731 	 -0.850651 	 0.000000
12 	 243.690957 	 90.000000 	 0.000000 	 0.443213 	 0.896416 	 0.000000
13 	 249.654192 	 90.000000 	 0.000000 	 0.347685 	 0.937611 	 0.000000
14 	 256.114113 	 90.000000 	 0.000000 	 0.239989 	 0.970776 	 0.000000
15 	 262.953594 	 90.000000 	 0.000000 	 0.122673 	 0.992447 	 0.000000
16 	 270.000000 	 90.000000 	 0.000000 	 -0.000000 	 1.000000 	 0.000000
17 	 277.046406 	 90.000000 	 0.000000 	 -0.122673 	 0.992447 	 0.000000
18 	 283.885887 	 90.000000 	 0.000000 	 -0.239989 	 0.970776 	 0.000000
19 	 290.345808 	 90.000000 	 0.000000 	 -0.347685 	 0.937611 	 0.000000
20 	 296.309043 	 90.000000 	 0.000000 	 -0.443213 	 0.896416 	 0.000000
21 	 264.619788 	 143.782011 	 0.000000 	 0.055402 	 0.588256 	 -0.806775
22 	 259.907160 	 138.598089 	 0.000000 	 0.115895 	 0.651103 	 -0.750089
23 	 255.797951 	 132.807937 	 0.000000 	 0.179992 	 0.711213 	 -0.679543
24 	 252.218179 	 126.546021 	 0.000000 	 0.245346 	 0.764998 	 -0.595468
25 	 249.094843 	 120.000000 	 0.000000 	 0.309017 	 0.809017 	 -0.500000
26 	 246.361288 	 113.389447 	 0.000000 	 0.368020 	 0.840815 	 -0.396979
27 	 243.959219 	 106.931770 	 0.000000 	 0.419981 	 0.859535 	 -0.291233
28 	 241.838870 	 100.808221 	 0.000000 	 0.463581 	 0.865984 	 -0.187522
29 	 239.958326 	 95.142992 	 0.000000 	 0.498614 	 0.862176 	 -0.089642
30 	 275.380212 	 143.782011 	 0.000000 	 -0.055402 	 0.588256 	 -0.806775
31 	 280.092840 	 138.598089 	 0.000000 	 -0.115895 	 0.651103 	 -0.750089
32 	 284.202049 	 132.807937 	 0.000000 	 -0.179992 	 0.711213 	 -0.679543
33 	 287.781821 	 126.546021 	 0.000000 	 -0.245346 	 0.764998 	 -0.595468
34 	 290.905157 	 120.000000 	 0.000000 	 -0.309017 	 0.809017 	 -0.500000
35 	 293.638712 	 113.389447 	 0.000000 	 -0.368020 	 0.840815 	 -0.396979
36 	 296.040781 	 106.931770 	 0.000000 	 -0.419981 	 0.859535 	 -0.291233
37 	 298.161130 	 100.808221 	 0.000000 	 -0.463581 	 0.865984 	 -0.187522
38 	 300.041674 	 95.142992 	 0.000000 	 -0.498614 	 0.862176 	 -0.089642
39 	 185.935792 	 119.908363 	 0.000000 	 0.862176 	 0.089642 	 -0.498614
40 	 192.218320 	 117.618393 	 0.000000 	 0.865984 	 0.187522 	 -0.463581
41 	 198.717717 	 114.833365 	 0.000000 	 0.859535 	 0.291233 	 -0.419981
42 	 205.273681 	 111.593535 	 0.000000 	 0.840815 	 0.396979 	 -0.368020
43 	 211.717474 	 108.000000 	 0.000000 	 0.809017 	 0.500000 	 -0.309017
44 	 217.896885 	 104.202307 	 0.000000 	 0.764998 	 0.595468 	 -0.245346
45 	 223.695483 	 100.369276 	 0.000000 	 0.711213 	 0.679543 	 -0.179992
46 	 229.040909 	 96.655257 	 0.000000 	 0.651103 	 0.750089 	 -0.115895
47 	 233.902523 	 93.175903 	 0.000000 	 0.588256 	 0.806775 	 -0.055402
48 	 259.808150 	 149.561837 	 0.000000 	 0.089642 	 0.498614 	 -0.862176
49 	 247.976249 	 149.995271 	 0.000000 	 0.187522 	 0.463581 	 -0.865984
50 	 235.260892 	 149.264372 	 0.000000 	 0.291233 	 0.419981 	 -0.859535
51 	 222.832089 	 147.226249 	 0.000000 	 0.396979 	 0.368020 	 -0.840815
52 	 211.717474 	 144.000000 	 0.000000 	 0.500000 	 0.309017 	 -0.809017
53 	 202.392771 	 139.906857 	 0.000000 	 0.595468 	 0.245346 	 -0.764998
54 	 194.835359 	 135.333720 	 0.000000 	 0.679543 	 0.179992 	 -0.711213
55 	 188.783231 	 130.624797 	 0.000000 	 0.750089 	 0.115895 	 -0.651103
56 	 183.928359 	 126.033340 	 0.000000 	 0.806775 	 0.055402 	 -0.588256
57 	 185.935792 	 60.091637 	 0.000000 	 0.862176 	 0.089642 	 0.498614
58 	 192.218320 	 62.381607 	 0.000000 	 0.865984 	 0.187522 	 0.463581
59 	 198.717717 	 65.166635 	 0.000000 	 0.859535 	 0.291233 	 0.419981
60 	 205.273681 	 68.406465 	 0.000000 	 0.840815 	 0.396979 	 0.368020
61 	 211.717474 	 72.000000 	 0.000000 	 0.809017 	 0.500000 	 0.309017
62 	 217.896885 	 75.797693 	 0.000000 	 0.764998 	 0.595468 	 0.245346
63 	 223.695483 	 79.630724 	 0.000000 	 0.711213 	 0.679543 	 0.179992
64 	 229.040909 	 83.344743 	 0.000000 	 0.651103 	 0.750089 	 0.115895
65 	 233.902523 	 86.824097 	 0.000000 	 0.588256 	 0.806775 	 0.055402
66 	 180.000000 	 116.309043 	 0.000000 	 0.896416 	 0.000000 	 -0.443213
67 	 180.000000 	 110.345808 	 0.000000 	 0.937611 	 0.000000 	 -0.347685
68 	 180.000000 	 103.885887 	 0.000000 	 0.970776 	 0.000000 	 -0.239989
69 	 180.000000 	 97.046406 	 0.000000 	 0.992447 	 0.000000 	 -0.122673
70 	 180.000000 	 90.000000 	 0.000000 	 1.000000 	 0.000000 	 0.000000
71 	 180.000000 	 82.953594 	 0.000000 	 0.992447 	 0.000000 	 0.122673
72 	 180.000000 	 76.114113 	 0.000000 	 0.970776 	 0.000000 	 0.239989
73 	 180.000000 	 69.654192 	 0.000000 	 0.937611 	 0.000000 	 0.347685
74 	 180.000000 	 63.690957 	 0.000000 	 0.896416 	 0.000000 	 0.443213
75 	 264.619788 	 36.217989 	 0.000000 	 0.055402 	 0.588256 	 0.806775
76 	 259.907160 	 41.401911 	 0.000000 	 0.115895 	 0.651103 	 0.750089
77 	 255.797951 	 47.192063 	 0.000000 	 0.179992 	 0.711213 	 0.679543
78 	 252.218179 	 53.453979 	 0.000000 	 0.245346 	 0.764998 	 0.595468
79 	 249.094843 	 60.000000 	 0.000000 	 0.309017 	 0.809017 	 0.500000
80 	 246.361288 	 66.610553 	 0.000000 	 0.368020 	 0.840815 	 0.396979
81 	 243.959219 	 73.068230 	 0.000000 	 0.419981 	 0.859535 	 0.291233
82 	 241.838870 	 79.191779 	 0.000000 	 0.463581 	 0.865984 	 0.187522
83 	 239.958326 	 84.857008 	 0.000000 	 0.498614 	 0.862176 	 0.089642
84 	 183.928359 	 53.966660 	 0.000000 	 0.806775 	 0.055402 	 0.588256
85 	 188.783231 	 49.375203 	 0.000000 	 0.750089 	 0.115895 	 0.651103
86 	 194.835359 	 44.666280 	 0.000000 	 0.679543 	 0.179992 	 0.711213
87 	 202.392771 	 40.093143 	 0.000000 	 0.595468 	 0.245346 	 0.764998
88 	 211.717474 	 36.000000 	 0.000000 	 0.500000 	 0.309017 	 0.809017
89 	 222.832089 	 32.773751 	 0.000000 	 0.396979 	 0.368020 	 0.840815
90 	 235.260892 	 30.735628 	 0.000000 	 0.291233 	 0.419981 	 0.859535
91 	 247.976249 	 30.004729 	 0.000000 	 0.187522 	 0.463581 	 0.865984
92 	 259.808150 	 30.438163 	 0.000000 	 0.089642 	 0.498614 	 0.862176
93 	 275.380212 	 36.217989 	 0.000000 	 -0.055402 	 0.588256 	 0.806775
94 	 280.092840 	 41.401911 	 0.000000 	 -0.115895 	 0.651103 	 0.750089
95 	 284.202049 	 47.192063 	 0.000000 	 -0.179992 	 0.711213 	 0.679543
96 	 287.781821 	 53.453979 	 0.000000 	 -0.245346 	 0.764998 	 0.595468
97 	 290.905157 	 60.000000 	 0.000000 	 -0.309017 	 0.809017 	 0.500000
98 	 293.638712 	 66.610553 	 0.000000 	 -0.368020 	 0.840815 	 0.396979
99 	 296.040781 	 73.068230 	 0.000000 	 -0.419981 	 0.859535 	 0.291233
100 	 298.161130 	 79.191779 	 0.000000 	 -0.463581 	 0.865984 	 0.187522
101 	 300.041674 	 84.857008 	 0.000000 	 -0.498614 	 0.862176 	 0.089642
102 	 354.064208 	 60.091637 	 0.000000 	 -0.862176 	 0.089642 	 0.498614
103 	 347.781680 	 62.381607 	 0.000000 	 -0.865984 	 0.187522 	 0.463581
104 	 341.282283 	 65.166635 	 0.000000 	 -0.859535 	 0.291233 	 0.419981
105 	 334.726319 	 68.406465 	 0.000000 	 -0.840815 	 0.396979 	 0.368020
106 	 328.282526 	 72.000000 	 0.000000 	 -0.809017 	 0.500000 	 0.309017
107 	 322.103115 	 75.797693 	 0.000000 	 -0.764998 	 0.595468 	 0.245346
108 	 316.304517 	 79.630724 	 0.000000 	 -0.711213 	 0.679543 	 0.179992
109 	 310.959091 	 83.344743 	 0.000000 	 -0.651103 	 0.750089 	 0.115895
110 	 306.097477 	 86.824097 	 0.000000 	 -0.588256 	 0.806775 	 0.055402
111 	 280.191850 	 30.438163 	 0.000000 	 -0.089642 	 0.498614 	 0.862176
112 	 292.023751 	 30.004729 	 0.000000 	 -0.187522 	 0.463581 	 0.865984
113 	 304.739108 	 30.735628 	 0.000000 	 -0.291233 	 0.419981 	 0.859535
114 	 317.167911 	 32.773751 	 0.000000 	 -0.396979 	 0.368020 	 0.840815
115 	 328.282526 	 36.000000 	 0.000000 	 -0.500000 	 0.309017 	 0.809017
116 	 337.607229 	 40.093143 	 0.000000 	 -0.595468 	 0.245346 	 0.764998
117 	 345.164641 	 44.666280 	 0.000000 	 -0.679543 	 0.179992 	 0.711213
118 	 351.216769 	 49.375203 	 0.000000 	 -0.750089 	 0.115895 	 0.651103
119 	 356.071641 	 53.966660 	 0.000000 	 -0.806775 	 0.055402 	 0.588256
120 	 354.064208 	 119.908363 	 0.000000 	 -0.862176 	 0.089642 	 -0.498614
121 	 347.781680 	 117.618393 	 0.000000 	 -0.865984 	 0.187522 	 -0.463581
122 	 341.282283 	 114.833365 	 0.000000 	 -0.859535 	 0.291233 	 -0.419981
123 	 334.726319 	 111.593535 	 0.000000 	 -0.840815 	 0.396979 	 -0.368020
124 	 328.282526 	 108.000000 	 0.000000 	 -0.809017 	 0.500000 	 -0.309017
125 	 322.103115 	 104.202307 	 0.000000 	 -0.764998 	 0.595468 	 -0.245346
126 	 316.304517 	 100.369276 	 0.000000 	 -0.711213 	 0.679543 	 -0.179992
127 	 310.959091 	 96.655257 	 0.000000 	 -0.651103 	 0.750089 	 -0.115895
128 	 306.097477 	 93.175903 	 0.000000 	 -0.588256 	 0.806775 	 -0.055402
129 	 360.000000 	 63.690957 	 0.000000 	 -0.896416 	 0.000000 	 0.443213
130 	 360.000000 	 69.654192 	 0.000000 	 -0.937611 	 0.000000 	 0.347685
131 	 360.000000 	 76.114113 	 0.000000 	 -0.970776 	 0.000000 	 0.239989
132 	 360.000000 	 82.953594 	 0.000000 	 -0.992447 	 0.000000 	 0.122673
133 	 360.000000 	 90.000000 	 0.000000 	 -1.000000 	 0.000000 	 -0.000000
134 	 360.000000 	 97.046406 	 0.000000 	 -0.992447 	 0.000000 	 -0.122673
135 	 360.000000 	 103.885887 	 0.000000 	 -0.970776 	 0.000000 	 -0.239989
136 	 360.000000 	 110.345808 	 0.000000 	 -0.937611 	 0.000000 	 -0.347685
137 	 360.000000 	 116.309043 	 0.000000 	 -0.896416 	 0.000000 	 -0.443213
138 	 280.191850 	 149.561837 	 0.000000 	 -0.089642 	 0.498614 	 -0.862176
139 	 292.023751 	 149.995271 	 0.000000 	 -0.187522 	 0.463581 	 -0.865984
140 	 304.739108 	 149.264372 	 0.000000 	 -0.291233 	 0.419981 	 -0.859535
141 	 317.167911 	 147.226249 	 0.000000 	 -0.396979 	 0.368020 	 -0.840815
142 	 328.282526 	 144.000000 	 0.000000 	 -0.500000 	 0.309017 	 -0.809017
143 	 337.607229 	 139.906857 	 0.000000 	 -0.595468 	 0.245346 	 -0.764998
144 	 345.164641 	 135.333720 	 0.000000 	 -0.679543 	 0.179992 	 -0.711213
145 	 351.216769 	 130.624797 	 0.000000 	 -0.750089 	 0.115895 	 -0.651103
146 	 356.071641 	 126.033340 	 0.000000 	 -0.806775 	 0.055402 	 -0.588256
147 	 63.690957 	 90.000000 	 0.000000 	 -0.443213 	 -0.896416 	 0.000000
148 	 69.654192 	 90.000000 	 0.000000 	 -0.347685 	 -0.937611 	 0.000000
149 	 76.114113 	 90.000000 	 0.000000 	 -0.239989 	 -0.970776 	 0.000000
150 	 82.953594 	 90.000000 	 0.000000 	 -0.122673 	 -0.992447 	 0.000000
151 	 90.000000 	 90.000000 	 0.000000 	 0.000000 	 -1.000000 	 0.000000
152 	 97.046406 	 90.000000 	 0.000000 	 0.122673 	 -0.992447 	 0.000000
153 	 103.885887 	 90.000000 	 0.000000 	 0.239989 	 -0.970776 	 0.000000
154 	 110.345808 	 90.000000 	 0.000000 	 0.347685 	 -0.937611 	 0.000000
155 	 116.309043 	 90.000000 	 0.000000 	 0.443213 	 -0.896416 	 0.000000
156 	 84.619788 	 143.782011 	 0.000000 	 -0.055402 	 -0.588256 	 -0.806775
157 	 79.907160 	 138.598089 	 0.000000 	 -0.115895 	 -0.651103 	 -0.750089
158 	 75.797951 	 132.807937 	 0.000000 	 -0.179992 	 -0.711213 	 -0.679543
159 	 72.218179 	 126.546021 	 0.000000 	 -0.245346 	 -0.764998 	 -0.595468
160 	 69.094843 	 120.000000 	 0.000000 	 -0.309017 	 -0.809017 	 -0.500000
161 	 66.361288 	 113.389447 	 0.000000 	 -0.368020 	 -0.840815 	 -0.396979
162 	 63.959219 	 106.931770 	 0.000000 	 -0.419981 	 -0.859535 	 -0.291233
163 	 61.838870 	 100.808221 	 0.000000 	 -0.463581 	 -0.865984 	 -0.187522
164 	 59.958326 	 95.142992 	 0.000000 	 -0.498614 	 -0.862176 	 -0.089642
165 	 95.380212 	 143.782011 	 0.000000 	 0.055402 	 -0.588256 	 -0.806775
166 	 100.092840 	 138.598089 	 0.000000 	 0.115895 	 -0.651103 	 -0.750089
167 	 104.202049 	 132.807937 	 0.000000 	 0.179992 	 -0.711213 	 -0.679543
168 	 107.781821 	 126.546021 	 0.000000 	 0.245346 	 -0.764998 	 -0.595468
169 	 110.905157 	 120.000000 	 0.000000 	 0.309017 	 -0.809017 	 -0.500000
170 	 113.638712 	 113.389447 	 0.000000 	 0.368020 	 -0.840815 	 -0.396979
171 	 116.040781 	 106.931770 	 0.000000 	 0.419981 	 -0.859535 	 -0.291233
172 	 118.161130 	 100.808221 	 0.000000 	 0.463581 	 -0.865984 	 -0.187522
173 	 120.041674 	 95.142992 	 0.000000 	 0.498614 	 -0.862176 	 -0.089642
174 	 174.064208 	 119.908363 	 0.000000 	 0.862176 	 -0.089642 	 -0.498614
175 	 167.781680 	 117.618393 	 0.000000 	 0.865984 	 -0.187522 	 -0.463581
176 	 161.282283 	 114.833365 	 0.000000 	 0.859535 	 -0.291233 	 -0.419981
177 	 154.726319 	 111.593535 	 0.000000 	 0.840815 	 -0.396979 	 -0.368020
178 	 148.282526 	 108.000000 	 0.000000 	 0.809017 	 -0.500000 	 -0.309017
179 	 142.103115 	 104.202307 	 0.000000 	 0.764998 	 -0.595468 	 -0.245346
180 	 136.304517 	 100.369276 	 0.000000 	 0.711213 	 -0.679543 	 -0.179992
181 	 130.959091 	 96.655257 	 0.000000 	 0.651103 	 -0.750089 	 -0.115895
182 	 126.097477 	 93.175903 	 0.000000 	 0.588256 	 -0.806775 	 -0.055402
183 	 100.191850 	 149.561837 	 0.000000 	 0.089642 	 -0.498614 	 -0.862176
184 	 112.023751 	 149.995271 	 0.000000 	 0.187522 	 -0.463581 	 -0.865984
185 	 124.739108 	 149.264372 	 0.000000 	 0.291233 	 -0.419981 	 -0.859535
186 	 137.167911 	 147.226249 	 0.000000 	 0.396979 	 -0.368020 	 -0.840815
187 	 148.282526 	 144.000000 	 0.000000 	 0.500000 	 -0.309017 	 -0.809017
188 	 157.607229 	 139.906857 	 0.000000 	 0.595468 	 -0.245346 	 -0.764998
189 	 165.164641 	 135.333720 	 0.000000 	 0.679543 	 -0.179992 	 -0.711213
190 	 171.216769 	 130.624797 	 0.000000 	 0.750089 	 -0.115895 	 -0.651103
191 	 176.071641 	 126.033340 	 0.000000 	 0.806775 	 -0.055402 	 -0.588256
192 	 174.064208 	 60.091637 	 0.000000 	 0.862176 	 -0.089642 	 0.498614
193 	 167.781680 	 62.381607 	 0.000000 	 0.865984 	 -0.187522 	 0.463581
194 	 161.282283 	 65.166635 	 0.000000 	 0.859535 	 -0.291233 	 0.419981
195 	 154.726319 	 68.406465 	 0.000000 	 0.840815 	 -0.396979 	 0.368020
196 	 148.282526 	 72.000000 	 0.000000 	 0.809017 	 -0.500000 	 0.309017
197 	 142.103115 	 75.797693 	 0.000000 	 0.764998 	 -0.595468 	 0.245346
198 	 136.304517 	 79.630724 	 0.000000 	 0.711213 	 -0.679543 	 0.179992
199 	 130.959091 	 83.344743 	 0.000000 	 0.651103 	 -0.750089 	 0.115895
200 	 126.097477 	 86.824097 	 0.000000 	 0.588256 	 -0.806775 	 0.055402
201 	 176.071641 	 53.966660 	 0.000000 	 0.806775 	 -0.055402 	 0.588256
202 	 171.216769 	 49.375203 	 0.000000 	 0.750089 	 -0.115895 	 0.651103
203 	 165.164641 	 44.666280 	 0.000000 	 0.679543 	 -0.179992 	 0.711213
204 	 157.607229 	 40.093143 	 0.000000 	 0.595468 	 -0.245346 	 0.764998
205 	 148.282526 	 36.000000 	 0.000000 	 0.500000 	 -0.309017 	 0.809017
206 	 137.167911 	 32.773751 	 0.000000 	 0.396979 	 -0.368020 	 0.840815
207 	 124.739108 	 30.735628 	 0.000000 	 0.291233 	 -0.419981 	 0.859535
208 	 112.023751 	 30.004729 	 0.000000 	 0.187522 	 -0.463581 	 0.865984
209 	 100.191850 	 30.438163 	 0.000000 	 0.089642 	 -0.498614 	 0.862176
210 	 95.380212 	 36.217989 	 0.000000 	 0.055402 	 -0.588256 	 0.806775
211 	 100.092840 	 41.401911 	 0.000000 	 0.115895 	 -0.651103 	 0.750089
212 	 104.202049 	 47.192063 	 0.000000 	 0.179992 	 -0.711213 	 0.679543
213 	 107.781821 	 53.453979 	 0.000000 	 0.245346 	 -0.764998 	 0.595468
214 	 110.905157 	 60.000000 	 0.000000 	 0.309017 	 -0.809017 	 0.500000
215 	 113.638712 	 66.610553 	 0.000000 	 0.368020 	 -0.840815 	 0.396979
216 	 116.040781 	 73.068230 	 0.000000 	 0.419981 	 -0.859535 	 0.291233
217 	 118.161130 	 79.191779 	 0.000000 	 0.463581 	 -0.865984 	 0.187522
218 	 120.041674 	 84.857008 	 0.000000 	 0.498614 	 -0.862176 	 0.089642
219 	 84.619788 	 36.217989 	 0.000000 	 -0.055402 	 -0.588256 	 0.806775
220 	 79.907160 	 41.401911 	 0.000000 	 -0.115895 	 -0.651103 	 0.750089
221 	 75.797951 	 47.192063 	 0.000000 	 -0.179992 	 -0.711213 	 0.679543
222 	 72.218179 	 53.453979 	 0.000000 	 -0.245346 	 -0.764998 	 0.595468
223 	 69.094843 	 60.000000 	 0.000000 	 -0.309017 	 -0.809017 	 0.500000
224 	 66.361288 	 66.610553 	 0.000000 	 -0.368020 	 -0.840815 	 0.396979
225 	 63.959219 	 73.068230 	 0.000000 	 -0.419981 	 -0.859535 	 0.291233
226 	 61.838870 	 79.191779 	 0.000000 	 -0.463581 	 -0.865984 	 0.187522
227 	 59.958326 	 84.857008 	 0.000000 	 -0.498614 	 -0.862176 	 0.089642
228 	 79.808150 	 30.438163 	 0.000000 	 -0.089642 	 -0.498614 	 0.862176
229 	 67.976249 	 30.004729 	 0.000000 	 -0.187522 	 -0.463581 	 0.865984
230 	 55.260892 	 30.735628 	 0.000000 	 -0.291233 	 -0.419981 	 0.859535
231 	 42.832089 	 32.773751 	 0.000000 	 -0.396979 	 -0.368020 	 0.840815
232 	 31.717474 	 36.000000 	 0.000000 	 -0.500000 	 -0.309017 	 0.809017
233 	 22.392771 	 40.093143 	 0.000000 	 -0.595468 	 -0.245346 	 0.764998
234 	 14.835359 	 44.666280 	 0.000000 	 -0.679543 	 -0.179992 	 0.711213
235 	 8.783231 	 49.375203 	 0.000000 	 -0.750089 	 -0.115895 	 0.651103
236 	 3.928359 	 53.966660 	 0.000000 	 -0.806775 	 -0.055402 	 0.588256
237 	 5.935792 	 60.091637 	 0.000000 	 -0.862176 	 -0.089642 	 0.498614
238 	 12.218320 	 62.381607 	 0.000000 	 -0.865984 	 -0.187522 	 0.463581
239 	 18.717717 	 65.166635 	 0.000000 	 -0.859535 	 -0.291233 	 0.419981
240 	 25.273681 	 68.406465 	 0.000000 	 -0.840815 	 -0.396979 	 0.368020
241 	 31.717474 	 72.000000 	 0.000000 	 -0.809017 	 -0.500000 	 0.309017
242 	 37.896885 	 75.797693 	 0.000000 	 -0.764998 	 -0.595468 	 0.245346
243 	 43.695483 	 79.630724 	 0.000000 	 -0.711213 	 -0.679543 	 0.179992
244 	 49.040909 	 83.344743 	 0.000000 	 -0.651103 	 -0.750089 	 0.115895
245 	 53.902523 	 86.824097 	 0.000000 	 -0.588256 	 -0.806775 	 0.055402
246 	 5.935792 	 119.908363 	 0.000000 	 -0.862176 	 -0.089642 	 -0.498614
247 	 12.218320 	 117.618393 	 0.000000 	 -0.865984 	 -0.187522 	 -0.463581
248 	 18.717717 	 114.833365 	 0.000000 	 -0.859535 	 -0.291233 	 -0.419981
249 	 25.273681 	 111.593535 	 0.000000 	 -0.840815 	 -0.396979 	 -0.368020
250 	 31.717474 	 108.000000 	 0.000000 	 -0.809017 	 -0.500000 	 -0.309017
251 	 37.896885 	 104.202307 	 0.000000 	 -0.764998 	 -0.595468 	 -0.245346
252 	 43.695483 	 100.369276 	 0.000000 	 -0.711213 	 -0.679543 	 -0.179992
253 	 49.040909 	 96.655257 	 0.000000 	 -0.651103 	 -0.750089 	 -0.115895
254 	 53.902523 	 93.175903 	 0.000000 	 -0.588256 	 -0.806775 	 -0.055402
255 	 79.808150 	 149.561837 	 0.000000 	 -0.089642 	 -0.498614 	 -0.862176
256 	 67.976249 	 149.995271 	 0.000000 	 -0.187522 	 -0.463581 	 -0.865984
257 	 55.260892 	 149.264372 	 0.000000 	 -0.291233 	 -0.419981 	 -0.859535
258 	 42.832089 	 147.226249 	 0.000000 	 -0.396979 	 -0.368020 	 -0.840815
259 	 31.717474 	 144.000000 	 0.000000 	 -0.500000 	 -0.309017 	 -0.809017
260 	 22.392771 	 139.906857 	 0.000000 	 -0.595468 	 -0.245346 	 -0.764998
261 	 14.835359 	 135.333720 	 0.000000 	 -0.679543 	 -0.179992 	 -0.711213
262 	 8.783231 	 130.624797 	 0.000000 	 -0.750089 	 -0.115895 	 -0.651103
263 	 3.928359 	 126.033340 	 0.000000 	 -0.806775 	 -0.055402 	 -0.588256
264 	 270.000000 	 153.690957 	 0.000000 	 0.000000 	 0.443213 	 -0.896416
265 	 270.000000 	 159.654192 	 0.000000 	 0.000000 	 0.347685 	 -0.937611
266 	 270.000000 	 166.114113 	 0.000000 	 0.000000 	 0.239989 	 -0.970776
267 	 270.000000 	 172.953594 	 0.000000 	 0.000000 	 0.122673 	 -0.992447
268 	 90.000000 	 180.000000 	 0.000000 	 0.000000 	 -0.000000 	 -1.000000
269 	 90.000000 	 172.953594 	 0.000000 	 0.000000 	 -0.122673 	 -0.992447
270 	 90.000000 	 166.114113 	 0.000000 	 0.000000 	 -0.239989 	 -0.970776
271 	 90.000000 	 159.654192 	 0.000000 	 0.000000 	 -0.347685 	 -0.937611
272 	 90.000000 	 153.690957 	 0.000000 	 0.000000 	 -0.443213 	 -0.896416
273 	 270.000000 	 26.309043 	 0.000000 	 0.000000 	 0.443213 	 0.896416
274 	 270.000000 	 20.345808 	 0.000000 	 0.000000 	 0.347685 	 0.937611
275 	 270.000000 	 13.885887 	 0.000000 	 0.000000 	 0.239989 	 0.970776
276 	 270.000000 	 7.046406 	 0.000000 	 0.000000 	 0.122673 	 0.992447
277 	 90.000000 	 0.000000 	 0.000000 	 0.000000 	 -0.000000 	 1.000000
278 	 90.000000 	 7.046406 	 0.000000 	 0.000000 	 -0.122673 	 0.992447
279 	 90.000000 	 13.885887 	 0.000000 	 0.000000 	 -0.239989 	 0.970776
280 	 90.000000 	 20.345808 	 0.000000 	 0.000000 	 -0.347685 	 0.937611
281 	 90.000000 	 26.309043 	 0.000000 	 0.000000 	 -0.443213 	 0.896416
282 	 294.218444 	 95.416628 	 0.000000 	 -0.408385 	 0.907916 	 -0.094397
283 	 287.811648 	 95.653162 	 0.000000 	 -0.304401 	 0.947437 	 -0.098506
284 	 291.875047 	 101.362316 	 0.000000 	 -0.365281 	 0.909811 	 -0.197013
285 	 280.911261 	 95.829228 	 0.000000 	 -0.188310 	 0.976844 	 -0.101564
286 	 284.984597 	 101.814714 	 0.000000 	 -0.253082 	 0.945531 	 -0.204747
287 	 289.239497 	 107.739598 	 0.000000 	 -0.313849 	 0.899256 	 -0.304691
288 	 273.676648 	 95.923662 	 0.000000 	 -0.063783 	 0.992613 	 -0.103203
289 	 277.622632 	 102.113552 	 0.000000 	 -0.129694 	 0.969094 	 -0.209850
290 	 281.827178 	 108.347215 	 0.000000 	 -0.194541 	 0.929016 	 -0.314775
291 	 286.267037 	 114.381685 	 0.000000 	 -0.255133 	 0.874353 	 -0.412813
292 	 266.323352 	 95.923662 	 0.000000 	 0.063783 	 0.992613 	 -0.103203
293 	 270.000000 	 102.218320 	 0.000000 	 -0.000000 	 0.977348 	 -0.211637
294 	 273.992883 	 108.675437 	 0.000000 	 -0.065966 	 0.945048 	 -0.320207
295 	 278.300775 	 115.041501 	 0.000000 	 -0.130799 	 0.896510 	 -0.423275
296 	 282.908113 	 121.065433 	 0.000000 	 -0.191349 	 0.834932 	 -0.516017
297 	 259.088739 	 95.829228 	 0.000000 	 0.188310 	 0.976844 	 -0.101564
298 	 262.377368 	 102.113552 	 0.000000 	 0.129694 	 0.969094 	 -0.209850
299 	 266.007117 	 108.675437 	 0.000000 	 0.065966 	 0.945048 	 -0.320207
300 	 270.000000 	 115.273681 	 0.000000 	 -0.000000 	 0.904279 	 -0.426943
301 	 274.368523 	 121.642972 	 0.000000 	 -0.064847 	 0.848860 	 -0.524625
302 	 279.110245 	 127.544887 	 0.000000 	 -0.125540 	 0.782874 	 -0.609383
303 	 252.188352 	 95.653162 	 0.000000 	 0.304401 	 0.947437 	 -0.098506
304 	 255.015403 	 101.814714 	 0.000000 	 0.253082 	 0.945531 	 -0.204747
305 	 258.172822 	 108.347215 	 0.000000 	 0.194541 	 0.929016 	 -0.314775
306 	 261.699225 	 115.041501 	 0.000000 	 0.130799 	 0.896510 	 -0.423275
307 	 265.631477 	 121.642972 	 0.000000 	 0.064847 	 0.848860 	 -0.524625
308 	 270.000000 	 127.896885 	 0.000000 	 -0.000000 	 0.789117 	 -0.614242
309 	 274.821997 	 133.594022 	 0.000000 	 -0.060880 	 0.721680 	 -0.689544
310 	 245.781556 	 95.416628 	 0.000000 	 0.408385 	 0.907916 	 -0.094397
311 	 248.124953 	 101.362316 	 0.000000 	 0.365281 	 0.909811 	 -0.197013
312 	 250.760503 	 107.739598 	 0.000000 	 0.313849 	 0.899256 	 -0.304691
313 	 253.732963 	 114.381685 	 0.000000 	 0.255133 	 0.874353 	 -0.412813
314 	 257.091887 	 121.065433 	 0.000000 	 0.191349 	 0.834932 	 -0.516017
315 	 260.889755 	 127.544887 	 0.000000 	 0.125540 	 0.782874 	 -0.609383
316 	 265.178003 	 133.594022 	 0.000000 	 0.060880 	 0.721680 	 -0.689544
317 	 270.000000 	 139.040909 	 0.000000 	 -0.000000 	 0.655520 	 -0.755178
318 	 235.404106 	 98.785627 	 0.000000 	 0.561123 	 0.813519 	 -0.152738
319 	 230.292769 	 102.724701 	 0.000000 	 0.623174 	 0.750424 	 -0.220267
320 	 237.109385 	 104.945065 	 0.000000 	 0.524668 	 0.811304 	 -0.257893
321 	 224.612323 	 106.850379 	 0.000000 	 0.681311 	 0.672153 	 -0.289873
322 	 231.731703 	 109.346989 	 0.000000 	 0.584370 	 0.740783 	 -0.331288
323 	 239.059085 	 111.559132 	 0.000000 	 0.478183 	 0.797692 	 -0.367461
324 	 218.392230 	 110.998038 	 0.000000 	 0.731729 	 0.579800 	 -0.358336
325 	 225.678143 	 113.852989 	 0.000000 	 0.639011 	 0.654319 	 -0.404391
326 	 233.400730 	 116.389374 	 0.000000 	 0.534086 	 0.719166 	 -0.444469
327 	 241.304159 	 118.463347 	 0.000000 	 0.422119 	 0.771149 	 -0.476596
328 	 211.717474 	 114.968451 	 0.000000 	 0.771149 	 0.476596 	 -0.422119
329 	 218.973447 	 118.244519 	 0.000000 	 0.684873 	 0.554074 	 -0.473235
330 	 226.931511 	 121.205266 	 0.000000 	 0.584072 	 0.624841 	 -0.518106
331 	 235.356186 	 123.646935 	 0.000000 	 0.473235 	 0.684873 	 -0.554074
332 	 243.908489 	 125.436463 	 0.000000 	 0.358336 	 0.731729 	 -0.579800
333 	 204.733413 	 118.566802 	 0.000000 	 0.797692 	 0.367461 	 -0.478183
334 	 211.717474 	 122.281922 	 0.000000 	 0.719166 	 0.444469 	 -0.534086
335 	 219.664830 	 125.737449 	 0.000000 	 0.624841 	 0.518106 	 -0.584072
336 	 228.425115 	 128.670537 	 0.000000 	 0.518106 	 0.584072 	 -0.624841
337 	 237.672743 	 130.868024 	 0.000000 	 0.404391 	 0.639011 	 -0.654319
338 	 246.951974 	 132.233426 	 0.000000 	 0.289873 	 0.681311 	 -0.672153
339 	 197.634121 	 121.645889 	 0.000000 	 0.811304 	 0.257893 	 -0.524668
340 	 204.094843 	 125.758499 	 0.000000 	 0.740783 	 0.331288 	 -0.584370
341 	 211.717474 	 129.718078 	 0.000000 	 0.654319 	 0.404391 	 -0.639011
342 	 220.500705 	 133.225597 	 0.000000 	 0.554074 	 0.473235 	 -0.684873
343 	 230.232583 	 135.985670 	 0.000000 	 0.444469 	 0.534086 	 -0.719166
344 	 240.450437 	 137.798172 	 0.000000 	 0.331288 	 0.584370 	 -0.740783
345 	 250.533569 	 138.627138 	 0.000000 	 0.220267 	 0.623174 	 -0.750424
346 	 190.633480 	 124.133481 	 0.000000 	 0.813519 	 0.152738 	 -0.561123
347 	 196.358176 	 128.548302 	 0.000000 	 0.750424 	 0.220267 	 -0.623174
348 	 203.328667 	 132.946147 	 0.000000 	 0.672153 	 0.289873 	 -0.681311
349 	 211.717474 	 137.031549 	 0.000000 	 0.579800 	 0.358336 	 -0.731729
350 	 221.531154 	 140.457207 	 0.000000 	 0.476596 	 0.422119 	 -0.771149
351 	 232.459411 	 142.910305 	 0.000000 	 0.367461 	 0.478183 	 -0.797692
352 	 243.824254 	 144.223576 	 0.000000 	 0.257893 	 0.524668 	 -0.811304
353 	 254.772976 	 144.441137 	 0.000000 	 0.152738 	 0.561123 	 -0.813519
354 	 229.040909 	 90.000000 	 0.000000 	 0.655520 	 0.755178 	 0.000000
355 	 223.695483 	 86.509661 	 0.000000 	 0.721680 	 0.689544 	 0.060880
356 	 223.695483 	 93.490339 	 0.000000 	 0.721680 	 0.689544 	 -0.060880
357 	 217.896885 	 82.788073 	 0.000000 	 0.782874 	 0.609383 	 0.125540
358 	 217.896885 	 90.000000 	 0.000000 	 0.789117 	 0.614242 	 0.000000
359 	 217.896885 	 97.211927 	 0.000000 	 0.782874 	 0.609383 	 -0.125540
360 	 211.717474 	 78.968451 	 0.000000 	 0.834932 	 0.516017 	 0.191349
361 	 211.717474 	 86.281922 	 0.000000 	 0.848860 	 0.524625 	 0.064847
362 	 211.717474 	 93.718078 	 0.000000 	 0.848860 	 0.524625 	 -0.064847
363 	 211.717474 	 101.031549 	 0.000000 	 0.834932 	 0.516017 	 -0.191349
364 	 205.273681 	 75.218554 	 0.000000 	 0.874353 	 0.412813 	 0.255133
365 	 205.273681 	 82.484231 	 0.000000 	 0.896510 	 0.423275 	 0.130799
366 	 205.273681 	 90.000000 	 0.000000 	 0.904279 	 0.426943 	 -0.000000
367 	 205.273681 	 97.515769 	 0.000000 	 0.896510 	 0.423275 	 -0.130799
368 	 205.273681 	 104.781446 	 0.000000 	 0.874353 	 0.412813 	 -0.255133
369 	 198.717717 	 71.708634 	 0.000000 	 0.899256 	 0.304691 	 0.313849
370 	 198.717717 	 78.782060 	 0.000000 	 0.929016 	 0.314775 	 0.194541
371 	 198.717717 	 86.217666 	 0.000000 	 0.945048 	 0.320207 	 0.065966
372 	 198.717717 	 93.782334 	 0.000000 	 0.945048 	 0.320207 	 -0.065966
373 	 198.717717 	 101.217940 	 0.000000 	 0.929016 	 0.314775 	 -0.194541
374 	 198.717717 	 108.291366 	 0.000000 	 0.899256 	 0.304691 	 -0.313849
375 	 192.218320 	 68.575099 	 0.000000 	 0.909811 	 0.197013 	 0.365281
376 	 192.218320 	 75.340051 	 0.000000 	 0.945531 	 0.204747 	 0.253082
377 	 192.218320 	 82.548071 	 0.000000 	 0.969094 	 0.209850 	 0.129694
378 	 192.218320 	 90.000000 	 0.000000 	 0.977348 	 0.211637 	 -0.000000
379 	 192.218320 	 97.451929 	 0.000000 	 0.969094 	 0.209850 	 -0.129694
380 	 192.218320 	 104.659949 	 0.000000 	 0.945531 	 0.204747 	 -0.253082
381 	 192.218320 	 111.424901 	 0.000000 	 0.909811 	 0.197013 	 -0.365281
382 	 185.935792 	 65.896586 	 0.000000 	 0.907916 	 0.094397 	 0.408385
383 	 185.935792 	 72.277860 	 0.000000 	 0.947437 	 0.098506 	 0.304401
384 	 185.935792 	 79.145847 	 0.000000 	 0.976844 	 0.101564 	 0.188310
385 	 185.935792 	 86.343011 	 0.000000 	 0.992613 	 0.103203 	 0.063783
386 	 185.935792 	 93.656989 	 0.000000 	 0.992613 	 0.103203 	 -0.063783
387 	 185.935792 	 100.854153 	 0.000000 	 0.976844 	 0.101564 	 -0.188310
388 	 185.935792 	 107.722140 	 0.000000 	 0.947437 	 0.098506 	 -0.304401
389 	 185.935792 	 114.103414 	 0.000000 	 0.907916 	 0.094397 	 -0.408385
390 	 235.404106 	 81.214373 	 0.000000 	 0.561123 	 0.813519 	 0.152738
391 	 237.109385 	 75.054935 	 0.000000 	 0.524668 	 0.811304 	 0.257893
392 	 230.292769 	 77.275299 	 0.000000 	 0.623174 	 0.750424 	 0.220267
393 	 239.059085 	 68.440868 	 0.000000 	 0.478183 	 0.797692 	 0.367461
394 	 231.731703 	 70.653011 	 0.000000 	 0.584370 	 0.740783 	 0.331288
395 	 224.612323 	 73.149621 	 0.000000 	 0.681311 	 0.672153 	 0.289873
396 	 241.304159 	 61.536653 	 0.000000 	 0.422119 	 0.771149 	 0.476596
397 	 233.400730 	 63.610626 	 0.000000 	 0.534086 	 0.719166 	 0.444469
398 	 225.678143 	 66.147011 	 0.000000 	 0.639011 	 0.654319 	 0.404391
399 	 218.392230 	 69.001962 	 0.000000 	 0.731729 	 0.579800 	 0.358336
400 	 243.908489 	 54.563537 	 0.000000 	 0.358336 	 0.731729 	 0.579800
401 	 235.356186 	 56.353065 	 0.000000 	 0.473235 	 0.684873 	 0.554074
402 	 226.931511 	 58.794734 	 0.000000 	 0.584072 	 0.624841 	 0.518106
403 	 218.973447 	 61.755481 	 0.000000 	 0.684873 	 0.554074 	 0.473235
404 	 211.717474 	 65.031549 	 0.000000 	 0.771149 	 0.476596 	 0.422119
405 	 246.951974 	 47.766574 	 0.000000 	 0.289873 	 0.681311 	 0.672153
406 	 237.672743 	 49.131976 	 0.000000 	 0.404391 	 0.639011 	 0.654319
407 	 228.425115 	 51.329463 	 0.000000 	 0.518106 	 0.584072 	 0.624841
408 	 219.664830 	 54.262551 	 0.000000 	 0.624841 	 0.518106 	 0.584072
409 	 211.717474 	 57.718078 	 0.000000 	 0.719166 	 0.444469 	 0.534086
410 	 204.733413 	 61.433198 	 0.000000 	 0.797692 	 0.367461 	 0.478183
411 	 250.533569 	 41.372862 	 0.000000 	 0.220267 	 0.623174 	 0.750424
412 	 240.450437 	 42.201828 	 0.000000 	 0.331288 	 0.584370 	 0.740783
413 	 230.232583 	 44.014330 	 0.000000 	 0.444469 	 0.534086 	 0.719166
414 	 220.500705 	 46.774403 	 0.000000 	 0.554074 	 0.473235 	 0.684873
415 	 211.717474 	 50.281922 	 0.000000 	 0.654319 	 0.404391 	 0.639011
416 	 204.094843 	 54.241501 	 0.000000 	 0.740783 	 0.331288 	 0.584370
417 	 197.634121 	 58.354111 	 0.000000 	 0.811304 	 0.257893 	 0.524668
418 	 254.772976 	 35.558863 	 0.000000 	 0.152738 	 0.561123 	 0.813519
419 	 243.824254 	 35.776424 	 0.000000 	 0.257893 	 0.524668 	 0.811304
420 	 232.459411 	 37.089695 	 0.000000 	 0.367461 	 0.478183 	 0.797692
421 	 221.531154 	 39.542793 	 0.000000 	 0.476596 	 0.422119 	 0.771149
422 	 211.717474 	 42.968451 	 0.000000 	 0.579800 	 0.358336 	 0.731729
423 	 203.328667 	 47.053853 	 0.000000 	 0.672153 	 0.289873 	 0.681311
424 	 196.358176 	 51.451698 	 0.000000 	 0.750424 	 0.220267 	 0.623174
425 	 190.633480 	 55.866519 	 0.000000 	 0.813519 	 0.152738 	 0.561123
426 	 245.781556 	 84.583372 	 0.000000 	 0.408385 	 0.907916 	 0.094397
427 	 252.188352 	 84.346838 	 0.000000 	 0.304401 	 0.947437 	 0.098506
428 	 248.124953 	 78.637684 	 0.000000 	 0.365281 	 0.909811 	 0.197013
429 	 259.088739 	 84.170772 	 0.000000 	 0.188310 	 0.976844 	 0.101564
430 	 255.015403 	 78.185286 	 0.000000 	 0.253082 	 0.945531 	 0.204747
431 	 250.760503 	 72.260402 	 0.000000 	 0.313849 	 0.899256 	 0.304691
432 	 266.323352 	 84.076338 	 0.000000 	 0.063783 	 0.992613 	 0.103203
433 	 262.377368 	 77.886448 	 0.000000 	 0.129694 	 0.969094 	 0.209850
434 	 258.172822 	 71.652785 	 0.000000 	 0.194541 	 0.929016 	 0.314775
435 	 253.732963 	 65.618315 	 0.000000 	 0.255133 	 0.874353 	 0.412813
436 	 273.676648 	 84.076338 	 0.000000 	 -0.063783 	 0.992613 	 0.103203
437 	 270.000000 	 77.781680 	 0.000000 	 0.000000 	 0.977348 	 0.211637
438 	 266.007117 	 71.324563 	 0.000000 	 0.065966 	 0.945048 	 0.320207
439 	 261.699225 	 64.958499 	 0.000000 	 0.130799 	 0.896510 	 0.423275
440 	 257.091887 	 58.934567 	 0.000000 	 0.191349 	 0.834932 	 0.516017
441 	 280.911261 	 84.170772 	 0.000000 	 -0.188310 	 0.976844 	 0.101564
442 	 277.622632 	 77.886448 	 0.000000 	 -0.129694 	 0.969094 	 0.209850
443 	 273.992883 	 71.324563 	 0.000000 	 -0.065966 	 0.945048 	 0.320207
444 	 270.000000 	 64.726319 	 0.000000 	 0.000000 	 0.904279 	 0.426943
445 	 265.631477 	 58.357028 	 0.000000 	 0.064847 	 0.848860 	 0.524625
446 	 260.889755 	 52.455113 	 0.000000 	 0.125540 	 0.782874 	 0.609383
447 	 287.811648 	 84.346838 	 0.000000 	 -0.304401 	 0.947437 	 0.098506
448 	 284.984597 	 78.185286 	 0.000000 	 -0.253082 	 0.945531 	 0.204747
449 	 281.827178 	 71.652785 	 0.000000 	 -0.194541 	 0.929016 	 0.314775
450 	 278.300775 	 64.958499 	 0.000000 	 -0.130799 	 0.896510 	 0.423275
451 	 274.368523 	 58.357028 	 0.000000 	 -0.064847 	 0.848860 	 0.524625
452 	 270.000000 	 52.103115 	 0.000000 	 0.000000 	 0.789117 	 0.614242
453 	 265.178003 	 46.405978 	 0.000000 	 0.060880 	 0.721680 	 0.689544
454 	 294.218444 	 84.583372 	 0.000000 	 -0.408385 	 0.907916 	 0.094397
455 	 291.875047 	 78.637684 	 0.000000 	 -0.365281 	 0.909811 	 0.197013
456 	 289.239497 	 72.260402 	 0.000000 	 -0.313849 	 0.899256 	 0.304691
457 	 286.267037 	 65.618315 	 0.000000 	 -0.255133 	 0.874353 	 0.412813
458 	 282.908113 	 58.934567 	 0.000000 	 -0.191349 	 0.834932 	 0.516017
459 	 279.110245 	 52.455113 	 0.000000 	 -0.125540 	 0.782874 	 0.609383
460 	 274.821997 	 46.405978 	 0.000000 	 -0.060880 	 0.721680 	 0.689544
461 	 270.000000 	 40.959091 	 0.000000 	 0.000000 	 0.655520 	 0.755178
462 	 285.227024 	 35.558863 	 0.000000 	 -0.152738 	 0.561123 	 0.813519
463 	 289.466431 	 41.372862 	 0.000000 	 -0.220267 	 0.623174 	 0.750424
464 	 296.175746 	 35.776424 	 0.000000 	 -0.257893 	 0.524668 	 0.811304
465 	 293.048026 	 47.766574 	 0.000000 	 -0.289873 	 0.681311 	 0.672153
466 	 299.549563 	 42.201828 	 0.000000 	 -0.331288 	 0.584370 	 0.740783
467 	 307.540589 	 37.089695 	 0.000000 	 -0.367461 	 0.478183 	 0.797692
468 	 296.091511 	 54.563537 	 0.000000 	 -0.358336 	 0.731729 	 0.579800
469 	 302.327257 	 49.131976 	 0.000000 	 -0.404391 	 0.639011 	 0.654319
470 	 309.767417 	 44.014330 	 0.000000 	 -0.444469 	 0.534086 	 0.719166
471 	 318.468846 	 39.542793 	 0.000000 	 -0.476596 	 0.422119 	 0.771149
472 	 298.695841 	 61.536653 	 0.000000 	 -0.422119 	 0.771149 	 0.476596
473 	 304.643814 	 56.353065 	 0.000000 	 -0.473235 	 0.684873 	 0.554074
474 	 311.574885 	 51.329463 	 0.000000 	 -0.518106 	 0.584072 	 0.624841
475 	 319.499295 	 46.774403 	 0.000000 	 -0.554074 	 0.473235 	 0.684873
476 	 328.282526 	 42.968451 	 0.000000 	 -0.579800 	 0.358336 	 0.731729
477 	 300.940915 	 68.440868 	 0.000000 	 -0.478183 	 0.797692 	 0.367461
478 	 306.599270 	 63.610626 	 0.000000 	 -0.534086 	 0.719166 	 0.444469
479 	 313.068489 	 58.794734 	 0.000000 	 -0.584072 	 0.624841 	 0.518106
480 	 320.335170 	 54.262551 	 0.000000 	 -0.624841 	 0.518106 	 0.584072
481 	 328.282526 	 50.281922 	 0.000000 	 -0.654319 	 0.404391 	 0.639011
482 	 336.671333 	 47.053853 	 0.000000 	 -0.672153 	 0.289873 	 0.681311
483 	 302.890615 	 75.054935 	 0.000000 	 -0.524668 	 0.811304 	 0.257893
484 	 308.268297 	 70.653011 	 0.000000 	 -0.584370 	 0.740783 	 0.331288
485 	 314.321857 	 66.147011 	 0.000000 	 -0.639011 	 0.654319 	 0.404391
486 	 321.026553 	 61.755481 	 0.000000 	 -0.684873 	 0.554074 	 0.473235
487 	 328.282526 	 57.718078 	 0.000000 	 -0.719166 	 0.444469 	 0.534086
488 	 335.905157 	 54.241501 	 0.000000 	 -0.740783 	 0.331288 	 0.584370
489 	 343.641824 	 51.451698 	 0.000000 	 -0.750424 	 0.220267 	 0.623174
490 	 304.595894 	 81.214373 	 0.000000 	 -0.561123 	 0.813519 	 0.152738
491 	 309.707231 	 77.275299 	 0.000000 	 -0.623174 	 0.750424 	 0.220267
492 	 315.387677 	 73.149621 	 0.000000 	 -0.681311 	 0.672153 	 0.289873
493 	 321.607770 	 69.001962 	 0.000000 	 -0.731729 	 0.579800 	 0.358336
494 	 328.282526 	 65.031549 	 0.000000 	 -0.771149 	 0.476596 	 0.422119
495 	 335.266587 	 61.433198 	 0.000000 	 -0.797692 	 0.367461 	 0.478183
496 	 342.365879 	 58.354111 	 0.000000 	 -0.811304 	 0.257893 	 0.524668
497 	 349.366520 	 55.866519 	 0.000000 	 -0.813519 	 0.152738 	 0.561123
498 	 354.064208 	 65.896586 	 0.000000 	 -0.907916 	 0.094397 	 0.408385
499 	 347.781680 	 68.575099 	 0.000000 	 -0.909811 	 0.197013 	 0.365281
500 	 354.064208 	 72.277860 	 0.000000 	 -0.947437 	 0.098506 	 0.304401
501 	 341.282283 	 71.708634 	 0.000000 	 -0.899256 	 0.304691 	 0.313849
502 	 347.781680 	 75.340051 	 0.000000 	 -0.945531 	 0.204747 	 0.253082
503 	 354.064208 	 79.145847 	 0.000000 	 -0.976844 	 0.101564 	 0.188310
504 	 334.726319 	 75.218554 	 0.000000 	 -0.874353 	 0.412813 	 0.255133
505 	 341.282283 	 78.782060 	 0.000000 	 -0.929016 	 0.314775 	 0.194541
506 	 347.781680 	 82.548071 	 0.000000 	 -0.969094 	 0.209850 	 0.129694
507 	 354.064208 	 86.343011 	 0.000000 	 -0.992613 	 0.103203 	 0.063783
508 	 328.282526 	 78.968451 	 0.000000 	 -0.834932 	 0.516017 	 0.191349
509 	 334.726319 	 82.484231 	 0.000000 	 -0.896510 	 0.423275 	 0.130799
510 	 341.282283 	 86.217666 	 0.000000 	 -0.945048 	 0.320207 	 0.065966
511 	 347.781680 	 90.000000 	 0.000000 	 -0.977348 	 0.211637 	 0.000000
512 	 354.064208 	 93.656989 	 0.000000 	 -0.992613 	 0.103203 	 -0.063783
513 	 322.103115 	 82.788073 	 0.000000 	 -0.782874 	 0.609383 	 0.125540
514 	 328.282526 	 86.281922 	 0.000000 	 -0.848860 	 0.524625 	 0.064847
515 	 334.726319 	 90.000000 	 0.000000 	 -0.904279 	 0.426943 	 0.000000
516 	 341.282283 	 93.782334 	 0.000000 	 -0.945048 	 0.320207 	 -0.065966
517 	 347.781680 	 97.451929 	 0.000000 	 -0.969094 	 0.209850 	 -0.129694
518 	 354.064208 	 100.854153 	 0.000000 	 -0.976844 	 0.101564 	 -0.188310
519 	 316.304517 	 86.509661 	 0.000000 	 -0.721680 	 0.689544 	 0.060880
520 	 322.103115 	 90.000000 	 0.000000 	 -0.789117 	 0.614242 	 0.000000
521 	 328.282526 	 93.718078 	 0.000000 	 -0.848860 	 0.524625 	 -0.064847
522 	 334.726319 	 97.515769 	 0.000000 	 -0.896510 	 0.423275 	 -0.130799
523 	 341.282283 	 101.217940 	 0.000000 	 -0.929016 	 0.314775 	 -0.194541
524 	 347.781680 	 104.659949 	 0.000000 	 -0.945531 	 0.204747 	 -0.253082
525 	 354.064208 	 107.722140 	 0.000000 	 -0.947437 	 0.098506 	 -0.304401
526 	 310.959091 	 90.000000 	 0.000000 	 -0.655520 	 0.755178 	 0.000000
527 	 316.304517 	 93.490339 	 0.000000 	 -0.721680 	 0.689544 	 -0.060880
528 	 322.103115 	 97.211927 	 0.000000 	 -0.782874 	 0.609383 	 -0.125540
529 	 328.282526 	 101.031549 	 0.000000 	 -0.834932 	 0.516017 	 -0.191349
530 	 334.726319 	 104.781446 	 0.000000 	 -0.874353 	 0.412813 	 -0.255133
531 	 341.282283 	 108.291366 	 0.000000 	 -0.899256 	 0.304691 	 -0.313849
532 	 347.781680 	 111.424901 	 0.000000 	 -0.909811 	 0.197013 	 -0.365281
533 	 354.064208 	 114.103414 	 0.000000 	 -0.907916 	 0.094397 	 -0.408385
534 	 304.595894 	 98.785627 	 0.000000 	 -0.561123 	 0.813519 	 -0.152738
535 	 302.890615 	 104.945065 	 0.000000 	 -0.524668 	 0.811304 	 -0.257893
536 	 309.707231 	 102.724701 	 0.000000 	 -0.623174 	 0.750424 	 -0.220267
537 	 300.940915 	 111.559132 	 0.000000 	 -0.478183 	 0.797692 	 -0.367461
538 	 308.268297 	 109.346989 	 0.000000 	 -0.584370 	 0.740783 	 -0.331288
539 	 315.387677 	 106.850379 	 0.000000 	 -0.681311 	 0.672153 	 -0.289873
540 	 298.695841 	 118.463347 	 0.000000 	 -0.422119 	 0.771149 	 -0.476596
541 	 306.599270 	 116.389374 	 0.000000 	 -0.534086 	 0.719166 	 -0.444469
542 	 314.321857 	 113.852989 	 0.000000 	 -0.639011 	 0.654319 	 -0.404391
543 	 321.607770 	 110.998038 	 0.000000 	 -0.731729 	 0.579800 	 -0.358336
544 	 296.091511 	 125.436463 	 0.000000 	 -0.358336 	 0.731729 	 -0.579800
545 	 304.643814 	 123.646935 	 0.000000 	 -0.473235 	 0.684873 	 -0.554074
546 	 313.068489 	 121.205266 	 0.000000 	 -0.584072 	 0.624841 	 -0.518106
547 	 321.026553 	 118.244519 	 0.000000 	 -0.684873 	 0.554074 	 -0.473235
548 	 328.282526 	 114.968451 	 0.000000 	 -0.771149 	 0.476596 	 -0.422119
549 	 293.048026 	 132.233426 	 0.000000 	 -0.289873 	 0.681311 	 -0.672153
550 	 302.327257 	 130.868024 	 0.000000 	 -0.404391 	 0.639011 	 -0.654319
551 	 311.574885 	 128.670537 	 0.000000 	 -0.518106 	 0.584072 	 -0.624841
552 	 320.335170 	 125.737449 	 0.000000 	 -0.624841 	 0.518106 	 -0.584072
553 	 328.282526 	 122.281922 	 0.000000 	 -0.719166 	 0.444469 	 -0.534086
554 	 335.266587 	 118.566802 	 0.000000 	 -0.797692 	 0.367461 	 -0.478183
555 	 289.466431 	 138.627138 	 0.000000 	 -0.220267 	 0.623174 	 -0.750424
556 	 299.549563 	 137.798172 	 0.000000 	 -0.331288 	 0.584370 	 -0.740783
557 	 309.767417 	 135.985670 	 0.000000 	 -0.444469 	 0.534086 	 -0.719166
558 	 319.499295 	 133.225597 	 0.000000 	 -0.554074 	 0.473235 	 -0.684873
559 	 328.282526 	 129.718078 	 0.000000 	 -0.654319 	 0.404391 	 -0.639011
560 	 335.905157 	 125.758499 	 0.000000 	 -0.740783 	 0.331288 	 -0.584370
561 	 342.365879 	 121.645889 	 0.000000 	 -0.811304 	 0.257893 	 -0.524668
562 	 285.227024 	 144.441137 	 0.000000 	 -0.152738 	 0.561123 	 -0.813519
563 	 296.175746 	 144.223576 	 0.000000 	 -0.257893 	 0.524668 	 -0.811304
564 	 307.540589 	 142.910305 	 0.000000 	 -0.367461 	 0.478183 	 -0.797692
565 	 318.468846 	 140.457207 	 0.000000 	 -0.476596 	 0.422119 	 -0.771149
566 	 328.282526 	 137.031549 	 0.000000 	 -0.579800 	 0.358336 	 -0.731729
567 	 336.671333 	 132.946147 	 0.000000 	 -0.672153 	 0.289873 	 -0.681311
568 	 343.641824 	 128.548302 	 0.000000 	 -0.750424 	 0.220267 	 -0.623174
569 	 349.366520 	 124.133481 	 0.000000 	 -0.813519 	 0.152738 	 -0.561123
570 	 114.218444 	 95.416628 	 0.000000 	 0.408385 	 -0.907916 	 -0.094397
571 	 107.811648 	 95.653162 	 0.000000 	 0.304401 	 -0.947437 	 -0.098506
572 	 111.875047 	 101.362316 	 0.000000 	 0.365281 	 -0.909811 	 -0.197013
573 	 100.911261 	 95.829228 	 0.000000 	 0.188310 	 -0.976844 	 -0.101564
574 	 104.984597 	 101.814714 	 0.000000 	 0.253082 	 -0.945531 	 -0.204747
575 	 109.239497 	 107.739598 	 0.000000 	 0.313849 	 -0.899256 	 -0.304691
576 	 93.676648 	 95.923662 	 0.000000 	 0.063783 	 -0.992613 	 -0.103203
577 	 97.622632 	 102.113552 	 0.000000 	 0.129694 	 -0.969094 	 -0.209850
578 	 101.827178 	 108.347215 	 0.000000 	 0.194541 	 -0.929016 	 -0.314775
579 	 106.267037 	 114.381685 	 0.000000 	 0.255133 	 -0.874353 	 -0.412813
580 	 86.323352 	 95.923662 	 0.000000 	 -0.063783 	 -0.992613 	 -0.103203
581 	 90.000000 	 102.218320 	 0.000000 	 0.000000 	 -0.977348 	 -0.211637
582 	 93.992883 	 108.675437 	 0.000000 	 0.065966 	 -0.945048 	 -0.320207
583 	 98.300775 	 115.041501 	 0.000000 	 0.130799 	 -0.896510 	 -0.423275
584 	 102.908113 	 121.065433 	 0.000000 	 0.191349 	 -0.834932 	 -0.516017
585 	 79.088739 	 95.829228 	 0.000000 	 -0.188310 	 -0.976844 	 -0.101564
586 	 82.377368 	 102.113552 	 0.000000 	 -0.129694 	 -0.969094 	 -0.209850
587 	 86.007117 	 108.675437 	 0.000000 	 -0.065966 	 -0.945048 	 -0.320207
588 	 90.000000 	 115.273681 	 0.000000 	 0.000000 	 -0.904279 	 -0.426943
589 	 94.368523 	 121.642972 	 0.000000 	 0.064847 	 -0.848860 	 -0.524625
590 	 99.110245 	 127.544887 	 0.000000 	 0.125540 	 -0.782874 	 -0.609383
591 	 72.188352 	 95.653162 	 0.000000 	 -0.304401 	 -0.947437 	 -0.098506
592 	 75.015403 	 101.814714 	 0.000000 	 -0.253082 	 -0.945531 	 -0.204747
593 	 78.172822 	 108.347215 	 0.000000 	 -0.194541 	 -0.929016 	 -0.314775
594 	 81.699225 	 115.041501 	 0.000000 	 -0.130799 	 -0.896510 	 -0.423275
595 	 85.631477 	 121.642972 	 0.000000 	 -0.064847 	 -0.848860 	 -0.524625
596 	 90.000000 	 127.896885 	 0.000000 	 0.000000 	 -0.789117 	 -0.614242
597 	 94.821997 	 133.594022 	 0.000000 	 0.060880 	 -0.721680 	 -0.689544
598 	 65.781556 	 95.416628 	 0.000000 	 -0.408385 	 -0.907916 	 -0.094397
599 	 68.124953 	 101.362316 	 0.000000 	 -0.365281 	 -0.909811 	 -0.197013
600 	 70.760503 	 107.739598 	 0.000000 	 -0.313849 	 -0.899256 	 -0.304691
601 	 73.732963 	 114.381685 	 0.000000 	 -0.255133 	 -0.874353 	 -0.412813
602 	 77.091887 	 121.065433 	 0.000000 	 -0.191349 	 -0.834932 	 -0.516017
603 	 80.889755 	 127.544887 	 0.000000 	 -0.125540 	 -0.782874 	 -0.609383
604 	 85.178003 	 133.594022 	 0.000000 	 -0.060880 	 -0.721680 	 -0.689544
605 	 90.000000 	 139.040909 	 0.000000 	 0.000000 	 -0.655520 	 -0.755178
606 	 169.366520 	 124.133481 	 0.000000 	 0.813519 	 -0.152738 	 -0.561123
607 	 162.365879 	 121.645889 	 0.000000 	 0.811304 	 -0.257893 	 -0.524668
608 	 163.641824 	 128.548302 	 0.000000 	 0.750424 	 -0.220267 	 -0.623174
609 	 155.266587 	 118.566802 	 0.000000 	 0.797692 	 -0.367461 	 -0.478183
610 	 155.905157 	 125.758499 	 0.000000 	 0.740783 	 -0.331288 	 -0.584370
611 	 156.671333 	 132.946147 	 0.000000 	 0.672153 	 -0.289873 	 -0.681311
612 	 148.282526 	 114.968451 	 0.000000 	 0.771149 	 -0.476596 	 -0.422119
613 	 148.282526 	 122.281922 	 0.000000 	 0.719166 	 -0.444469 	 -0.534086
614 	 148.282526 	 129.718078 	 0.000000 	 0.654319 	 -0.404391 	 -0.639011
615 	 148.282526 	 137.031549 	 0.000000 	 0.579800 	 -0.358336 	 -0.731729
616 	 141.607770 	 110.998038 	 0.000000 	 0.731729 	 -0.579800 	 -0.358336
617 	 141.026553 	 118.244519 	 0.000000 	 0.684873 	 -0.554074 	 -0.473235
618 	 140.335170 	 125.737449 	 0.000000 	 0.624841 	 -0.518106 	 -0.584072
619 	 139.499295 	 133.225597 	 0.000000 	 0.554074 	 -0.473235 	 -0.684873
620 	 138.468846 	 140.457207 	 0.000000 	 0.476596 	 -0.422119 	 -0.771149
621 	 135.387677 	 106.850379 	 0.000000 	 0.681311 	 -0.672153 	 -0.289873
622 	 134.321857 	 113.852989 	 0.000000 	 0.639011 	 -0.654319 	 -0.404391
623 	 133.068489 	 121.205266 	 0.000000 	 0.584072 	 -0.624841 	 -0.518106
624 	 131.574885 	 128.670537 	 0.000000 	 0.518106 	 -0.584072 	 -0.624841
625 	 129.767417 	 135.985670 	 0.000000 	 0.444469 	 -0.534086 	 -0.719166
626 	 127.540589 	 142.910305 	 0.000000 	 0.367461 	 -0.478183 	 -0.797692
627 	 129.707231 	 102.724701 	 0.000000 	 0.623174 	 -0.750424 	 -0.220267
628 	 128.268297 	 109.346989 	 0.000000 	 0.584370 	 -0.740783 	 -0.331288
629 	 126.599270 	 116.389374 	 0.000000 	 0.534086 	 -0.719166 	 -0.444469
630 	 124.643814 	 123.646935 	 0.000000 	 0.473235 	 -0.684873 	 -0.554074
631 	 122.327257 	 130.868024 	 0.000000 	 0.404391 	 -0.639011 	 -0.654319
632 	 119.549563 	 137.798172 	 0.000000 	 0.331288 	 -0.584370 	 -0.740783
633 	 116.175746 	 144.223576 	 0.000000 	 0.257893 	 -0.524668 	 -0.811304
634 	 124.595894 	 98.785627 	 0.000000 	 0.561123 	 -0.813519 	 -0.152738
635 	 122.890615 	 104.945065 	 0.000000 	 0.524668 	 -0.811304 	 -0.257893
636 	 120.940915 	 111.559132 	 0.000000 	 0.478183 	 -0.797692 	 -0.367461
637 	 118.695841 	 118.463347 	 0.000000 	 0.422119 	 -0.771149 	 -0.476596
638 	 116.091511 	 125.436463 	 0.000000 	 0.358336 	 -0.731729 	 -0.579800
639 	 113.048026 	 132.233426 	 0.000000 	 0.289873 	 -0.681311 	 -0.672153
640 	 109.466431 	 138.627138 	 0.000000 	 0.220267 	 -0.623174 	 -0.750424
641 	 105.227024 	 144.441137 	 0.000000 	 0.152738 	 -0.561123 	 -0.813519
642 	 174.064208 	 114.103414 	 0.000000 	 0.907916 	 -0.094397 	 -0.408385
643 	 174.064208 	 107.722140 	 0.000000 	 0.947437 	 -0.098506 	 -0.304401
644 	 167.781680 	 111.424901 	 0.000000 	 0.909811 	 -0.197013 	 -0.365281
645 	 174.064208 	 100.854153 	 0.000000 	 0.976844 	 -0.101564 	 -0.188310
646 	 167.781680 	 104.659949 	 0.000000 	 0.945531 	 -0.204747 	 -0.253082
647 	 161.282283 	 108.291366 	 0.000000 	 0.899256 	 -0.304691 	 -0.313849
648 	 174.064208 	 93.656989 	 0.000000 	 0.992613 	 -0.103203 	 -0.063783
649 	 167.781680 	 97.451929 	 0.000000 	 0.969094 	 -0.209850 	 -0.129694
650 	 161.282283 	 101.217940 	 0.000000 	 0.929016 	 -0.314775 	 -0.194541
651 	 154.726319 	 104.781446 	 0.000000 	 0.874353 	 -0.412813 	 -0.255133
652 	 174.064208 	 86.343011 	 0.000000 	 0.992613 	 -0.103203 	 0.063783
653 	 167.781680 	 90.000000 	 0.000000 	 0.977348 	 -0.211637 	 -0.000000
654 	 161.282283 	 93.782334 	 0.000000 	 0.945048 	 -0.320207 	 -0.065966
655 	 154.726319 	 97.515769 	 0.000000 	 0.896510 	 -0.423275 	 -0.130799
656 	 148.282526 	 101.031549 	 0.000000 	 0.834932 	 -0.516017 	 -0.191349
657 	 174.064208 	 79.145847 	 0.000000 	 0.976844 	 -0.101564 	 0.188310
658 	 167.781680 	 82.548071 	 0.000000 	 0.969094 	 -0.209850 	 0.129694
659 	 161.282283 	 86.217666 	 0.000000 	 0.945048 	 -0.320207 	 0.065966
660 	 154.726319 	 90.000000 	 0.000000 	 0.904279 	 -0.426943 	 -0.000000
661 	 148.282526 	 93.718078 	 0.000000 	 0.848860 	 -0.524625 	 -0.064847
662 	 142.103115 	 97.211927 	 0.000000 	 0.782874 	 -0.609383 	 -0.125540
663 	 174.064208 	 72.277860 	 0.000000 	 0.947437 	 -0.098506 	 0.304401
664 	 167.781680 	 75.340051 	 0.000000 	 0.945531 	 -0.204747 	 0.253082
665 	 161.282283 	 78.782060 	 0.000000 	 0.929016 	 -0.314775 	 0.194541
666 	 154.726319 	 82.484231 	 0.000000 	 0.896510 	 -0.423275 	 0.130799
667 	 148.282526 	 86.281922 	 0.000000 	 0.848860 	 -0.524625 	 0.064847
668 	 142.103115 	 90.000000 	 0.000000 	 0.789117 	 -0.614242 	 -0.000000
669 	 136.304517 	 93.490339 	 0.000000 	 0.721680 	 -0.689544 	 -0.060880
670 	 174.064208 	 65.896586 	 0.000000 	 0.907916 	 -0.094397 	 0.408385
671 	 167.781680 	 68.575099 	 0.000000 	 0.909811 	 -0.197013 	 0.365281
672 	 161.282283 	 71.708634 	 0.000000 	 0.899256 	 -0.304691 	 0.313849
673 	 154.726319 	 75.218554 	 0.000000 	 0.874353 	 -0.412813 	 0.255133
674 	 148.282526 	 78.968451 	 0.000000 	 0.834932 	 -0.516017 	 0.191349
675 	 142.103115 	 82.788073 	 0.000000 	 0.782874 	 -0.609383 	 0.125540
676 	 136.304517 	 86.509661 	 0.000000 	 0.721680 	 -0.689544 	 0.060880
677 	 130.959091 	 90.000000 	 0.000000 	 0.655520 	 -0.755178 	 -0.000000
678 	 169.366520 	 55.866519 	 0.000000 	 0.813519 	 -0.152738 	 0.561123
679 	 163.641824 	 51.451698 	 0.000000 	 0.750424 	 -0.220267 	 0.623174
680 	 162.365879 	 58.354111 	 0.000000 	 0.811304 	 -0.257893 	 0.524668
681 	 156.671333 	 47.053853 	 0.000000 	 0.672153 	 -0.289873 	 0.681311
682 	 155.905157 	 54.241501 	 0.000000 	 0.740783 	 -0.331288 	 0.584370
683 	 155.266587 	 61.433198 	 0.000000 	 0.797692 	 -0.367461 	 0.478183
684 	 148.282526 	 42.968451 	 0.000000 	 0.579800 	 -0.358336 	 0.731729
685 	 148.282526 	 50.281922 	 0.000000 	 0.654319 	 -0.404391 	 0.639011
686 	 148.282526 	 57.718078 	 0.000000 	 0.719166 	 -0.444469 	 0.534086
687 	 148.282526 	 65.031549 	 0.000000 	 0.771149 	 -0.476596 	 0.422119
688 	 138.468846 	 39.542793 	 0.000000 	 0.476596 	 -0.422119 	 0.771149
689 	 139.499295 	 46.774403 	 0.000000 	 0.554074 	 -0.473235 	 0.684873
690 	 140.335170 	 54.262551 	 0.000000 	 0.624841 	 -0.518106 	 0.584072
691 	 141.026553 	 61.755481 	 0.000000 	 0.684873 	 -0.554074 	 0.473235
692 	 141.607770 	 69.001962 	 0.000000 	 0.731729 	 -0.579800 	 0.358336
693 	 127.540589 	 37.089695 	 0.000000 	 0.367461 	 -0.478183 	 0.797692
694 	 129.767417 	 44.014330 	 0.000000 	 0.444469 	 -0.534086 	 0.719166
695 	 131.574885 	 51.329463 	 0.000000 	 0.518106 	 -0.584072 	 0.624841
696 	 133.068489 	 58.794734 	 0.000000 	 0.584072 	 -0.624841 	 0.518106
697 	 134.321857 	 66.147011 	 0.000000 	 0.639011 	 -0.654319 	 0.404391
698 	 135.387677 	 73.149621 	 0.000000 	 0.681311 	 -0.672153 	 0.289873
699 	 116.175746 	 35.776424 	 0.000000 	 0.257893 	 -0.524668 	 0.811304
700 	 119.549563 	 42.201828 	 0.000000 	 0.331288 	 -0.584370 	 0.740783
701 	 122.327257 	 49.131976 	 0.000000 	 0.404391 	 -0.639011 	 0.654319
702 	 124.643814 	 56.353065 	 0.000000 	 0.473235 	 -0.684873 	 0.554074
703 	 126.599270 	 63.610626 	 0.000000 	 0.534086 	 -0.719166 	 0.444469
704 	 128.268297 	 70.653011 	 0.000000 	 0.584370 	 -0.740783 	 0.331288
705 	 129.707231 	 77.275299 	 0.000000 	 0.623174 	 -0.750424 	 0.220267
706 	 105.227024 	 35.558863 	 0.000000 	 0.152738 	 -0.561123 	 0.813519
707 	 109.466431 	 41.372862 	 0.000000 	 0.220267 	 -0.623174 	 0.750424
708 	 113.048026 	 47.766574 	 0.000000 	 0.289873 	 -0.681311 	 0.672153
709 	 116.091511 	 54.563537 	 0.000000 	 0.358336 	 -0.731729 	 0.579800
710 	 118.695841 	 61.536653 	 0.000000 	 0.422119 	 -0.771149 	 0.476596
711 	 120.940915 	 68.440868 	 0.000000 	 0.478183 	 -0.797692 	 0.367461
712 	 122.890615 	 75.054935 	 0.000000 	 0.524668 	 -0.811304 	 0.257893
713 	 124.595894 	 81.214373 	 0.000000 	 0.561123 	 -0.813519 	 0.152738
714 	 90.000000 	 40.959091 	 0.000000 	 0.000000 	 -0.655520 	 0.755178
715 	 85.178003 	 46.405978 	 0.000000 	 -0.060880 	 -0.721680 	 0.689544
716 	 94.821997 	 46.405978 	 0.000000 	 0.060880 	 -0.721680 	 0.689544
717 	 80.889755 	 52.455113 	 0.000000 	 -0.125540 	 -0.782874 	 0.609383
718 	 90.000000 	 52.103115 	 0.000000 	 0.000000 	 -0.789117 	 0.614242
719 	 99.110245 	 52.455113 	 0.000000 	 0.125540 	 -0.782874 	 0.609383
720 	 77.091887 	 58.934567 	 0.000000 	 -0.191349 	 -0.834932 	 0.516017
721 	 85.631477 	 58.357028 	 0.000000 	 -0.064847 	 -0.848860 	 0.524625
722 	 94.368523 	 58.357028 	 0.000000 	 0.064847 	 -0.848860 	 0.524625
723 	 102.908113 	 58.934567 	 0.000000 	 0.191349 	 -0.834932 	 0.516017
724 	 73.732963 	 65.618315 	 0.000000 	 -0.255133 	 -0.874353 	 0.412813
725 	 81.699225 	 64.958499 	 0.000000 	 -0.130799 	 -0.896510 	 0.423275
726 	 90.000000 	 64.726319 	 0.000000 	 0.000000 	 -0.904279 	 0.426943
727 	 98.300775 	 64.958499 	 0.000000 	 0.130799 	 -0.896510 	 0.423275
728 	 106.267037 	 65.618315 	 0.000000 	 0.255133 	 -0.874353 	 0.412813
729 	 70.760503 	 72.260402 	 0.000000 	 -0.313849 	 -0.899256 	 0.304691
730 	 78.172822 	 71.652785 	 0.000000 	 -0.194541 	 -0.929016 	 0.314775
731 	 86.007117 	 71.324563 	 0.000000 	 -0.065966 	 -0.945048 	 0.320207
732 	 93.992883 	 71.324563 	 0.000000 	 0.065966 	 -0.945048 	 0.320207
733 	 101.827178 	 71.652785 	 0.000000 	 0.194541 	 -0.929016 	 0.314775
734 	 109.239497 	 72.260402 	 0.000000 	 0.313849 	 -0.899256 	 0.304691
735 	 68.124953 	 78.637684 	 0.000000 	 -0.365281 	 -0.909811 	 0.197013
736 	 75.015403 	 78.185286 	 0.000000 	 -0.253082 	 -0.945531 	 0.204747
737 	 82.377368 	 77.886448 	 0.000000 	 -0.129694 	 -0.969094 	 0.209850
738 	 90.000000 	 77.781680 	 0.000000 	 0.000000 	 -0.977348 	 0.211637
739 	 97.622632 	 77.886448 	 0.000000 	 0.129694 	 -0.969094 	 0.209850
740 	 104.984597 	 78.185286 	 0.000000 	 0.253082 	 -0.945531 	 0.204747
741 	 111.875047 	 78.637684 	 0.000000 	 0.365281 	 -0.909811 	 0.197013
742 	 65.781556 	 84.583372 	 0.000000 	 -0.408385 	 -0.907916 	 0.094397
743 	 72.188352 	 84.346838 	 0.000000 	 -0.304401 	 -0.947437 	 0.098506
744 	 79.088739 	 84.170772 	 0.000000 	 -0.188310 	 -0.976844 	 0.101564
745 	 86.323352 	 84.076338 	 0.000000 	 -0.063783 	 -0.992613 	 0.103203
746 	 93.676648 	 84.076338 	 0.000000 	 0.063783 	 -0.992613 	 0.103203
747 	 100.911261 	 84.170772 	 0.000000 	 0.188310 	 -0.976844 	 0.101564
748 	 107.811648 	 84.346838 	 0.000000 	 0.304401 	 -0.947437 	 0.098506
749 	 114.218444 	 84.583372 	 0.000000 	 0.408385 	 -0.907916 	 0.094397
750 	 74.772976 	 35.558863 	 0.000000 	 -0.152738 	 -0.561123 	 0.813519
751 	 63.824254 	 35.776424 	 0.000000 	 -0.257893 	 -0.524668 	 0.811304
752 	 70.533569 	 41.372862 	 0.000000 	 -0.220267 	 -0.623174 	 0.750424
753 	 52.459411 	 37.089695 	 0.000000 	 -0.367461 	 -0.478183 	 0.797692
754 	 60.450437 	 42.201828 	 0.000000 	 -0.331288 	 -0.584370 	 0.740783
755 	 66.951974 	 47.766574 	 0.000000 	 -0.289873 	 -0.681311 	 0.672153
756 	 41.531154 	 39.542793 	 0.000000 	 -0.476596 	 -0.422119 	 0.771149
757 	 50.232583 	 44.014330 	 0.000000 	 -0.444469 	 -0.534086 	 0.719166
758 	 57.672743 	 49.131976 	 0.000000 	 -0.404391 	 -0.639011 	 0.654319
759 	 63.908489 	 54.563537 	 0.000000 	 -0.358336 	 -0.731729 	 0.579800
760 	 31.717474 	 42.968451 	 0.000000 	 -0.579800 	 -0.358336 	 0.731729
761 	 40.500705 	 46.774403 	 0.000000 	 -0.554074 	 -0.473235 	 0.684873
762 	 48.425115 	 51.329463 	 0.000000 	 -0.518106 	 -0.584072 	 0.624841
763 	 55.356186 	 56.353065 	 0.000000 	 -0.473235 	 -0.684873 	 0.554074
764 	 61.304159 	 61.536653 	 0.000000 	 -0.422119 	 -0.771149 	 0.476596
765 	 23.328667 	 47.053853 	 0.000000 	 -0.672153 	 -0.289873 	 0.681311
766 	 31.717474 	 50.281922 	 0.000000 	 -0.654319 	 -0.404391 	 0.639011
767 	 39.664830 	 54.262551 	 0.000000 	 -0.624841 	 -0.518106 	 0.584072
768 	 46.931511 	 58.794734 	 0.000000 	 -0.584072 	 -0.624841 	 0.518106
769 	 53.400730 	 63.610626 	 0.000000 	 -0.534086 	 -0.719166 	 0.444469
770 	 59.059085 	 68.440868 	 0.000000 	 -0.478183 	 -0.797692 	 0.367461
771 	 16.358176 	 51.451698 	 0.000000 	 -0.750424 	 -0.220267 	 0.623174
772 	 24.094843 	 54.241501 	 0.000000 	 -0.740783 	 -0.331288 	 0.584370
773 	 31.717474 	 57.718078 	 0.000000 	 -0.719166 	 -0.444469 	 0.534086
774 	 38.973447 	 61.755481 	 0.000000 	 -0.684873 	 -0.554074 	 0.473235
775 	 45.678143 	 66.147011 	 0.000000 	 -0.639011 	 -0.654319 	 0.404391
776 	 51.731703 	 70.653011 	 0.000000 	 -0.584370 	 -0.740783 	 0.331288
777 	 57.109385 	 75.054935 	 0.000000 	 -0.524668 	 -0.811304 	 0.257893
778 	 10.633480 	 55.866519 	 0.000000 	 -0.813519 	 -0.152738 	 0.561123
779 	 17.634121 	 58.354111 	 0.000000 	 -0.811304 	 -0.257893 	 0.524668
780 	 24.733413 	 61.433198 	 0.000000 	 -0.797692 	 -0.367461 	 0.478183
781 	 31.717474 	 65.031549 	 0.000000 	 -0.771149 	 -0.476596 	 0.422119
782 	 38.392230 	 69.001962 	 0.000000 	 -0.731729 	 -0.579800 	 0.358336
783 	 44.612323 	 73.149621 	 0.000000 	 -0.681311 	 -0.672153 	 0.289873
784 	 50.292769 	 77.275299 	 0.000000 	 -0.623174 	 -0.750424 	 0.220267
785 	 55.404106 	 81.214373 	 0.000000 	 -0.561123 	 -0.813519 	 0.152738
786 	 5.935792 	 65.896586 	 0.000000 	 -0.907916 	 -0.094397 	 0.408385
787 	 5.935792 	 72.277860 	 0.000000 	 -0.947437 	 -0.098506 	 0.304401
788 	 12.218320 	 68.575099 	 0.000000 	 -0.909811 	 -0.197013 	 0.365281
789 	 5.935792 	 79.145847 	 0.000000 	 -0.976844 	 -0.101564 	 0.188310
790 	 12.218320 	 75.340051 	 0.000000 	 -0.945531 	 -0.204747 	 0.253082
791 	 18.717717 	 71.708634 	 0.000000 	 -0.899256 	 -0.304691 	 0.313849
792 	 5.935792 	 86.343011 	 0.000000 	 -0.992613 	 -0.103203 	 0.063783
793 	 12.218320 	 82.548071 	 0.000000 	 -0.969094 	 -0.209850 	 0.129694
794 	 18.717717 	 78.782060 	 0.000000 	 -0.929016 	 -0.314775 	 0.194541
795 	 25.273681 	 75.218554 	 0.000000 	 -0.874353 	 -0.412813 	 0.255133
796 	 5.935792 	 93.656989 	 0.000000 	 -0.992613 	 -0.103203 	 -0.063783
797 	 12.218320 	 90.000000 	 0.000000 	 -0.977348 	 -0.211637 	 0.000000
798 	 18.717717 	 86.217666 	 0.000000 	 -0.945048 	 -0.320207 	 0.065966
799 	 25.273681 	 82.484231 	 0.000000 	 -0.896510 	 -0.423275 	 0.130799
800 	 31.717474 	 78.968451 	 0.000000 	 -0.834932 	 -0.516017 	 0.191349
801 	 5.935792 	 100.854153 	 0.000000 	 -0.976844 	 -0.101564 	 -0.188310
802 	 12.218320 	 97.451929 	 0.000000 	 -0.969094 	 -0.209850 	 -0.129694
803 	 18.717717 	 93.782334 	 0.000000 	 -0.945048 	 -0.320207 	 -0.065966
804 	 25.273681 	 90.000000 	 0.000000 	 -0.904279 	 -0.426943 	 0.000000
805 	 31.717474 	 86.281922 	 0.000000 	 -0.848860 	 -0.524625 	 0.064847
806 	 37.896885 	 82.788073 	 0.000000 	 -0.782874 	 -0.609383 	 0.125540
807 	 5.935792 	 107.722140 	 0.000000 	 -0.947437 	 -0.098506 	 -0.304401
808 	 12.218320 	 104.659949 	 0.000000 	 -0.945531 	 -0.204747 	 -0.253082
809 	 18.717717 	 101.217940 	 0.000000 	 -0.929016 	 -0.314775 	 -0.194541
810 	 25.273681 	 97.515769 	 0.000000 	 -0.896510 	 -0.423275 	 -0.130799
811 	 31.717474 	 93.718078 	 0.000000 	 -0.848860 	 -0.524625 	 -0.064847
812 	 37.896885 	 90.000000 	 0.000000 	 -0.789117 	 -0.614242 	 0.000000
813 	 43.695483 	 86.509661 	 0.000000 	 -0.721680 	 -0.689544 	 0.060880
814 	 5.935792 	 114.103414 	 0.000000 	 -0.907916 	 -0.094397 	 -0.408385
815 	 12.218320 	 111.424901 	 0.000000 	 -0.909811 	 -0.197013 	 -0.365281
816 	 18.717717 	 108.291366 	 0.000000 	 -0.899256 	 -0.304691 	 -0.313849
817 	 25.273681 	 104.781446 	 0.000000 	 -0.874353 	 -0.412813 	 -0.255133
818 	 31.717474 	 101.031549 	 0.000000 	 -0.834932 	 -0.516017 	 -0.191349
819 	 37.896885 	 97.211927 	 0.000000 	 -0.782874 	 -0.609383 	 -0.125540
820 	 43.695483 	 93.490339 	 0.000000 	 -0.721680 	 -0.689544 	 -0.060880
821 	 49.040909 	 90.000000 	 0.000000 	 -0.655520 	 -0.755178 	 0.000000
822 	 10.633480 	 124.133481 	 0.000000 	 -0.813519 	 -0.152738 	 -0.561123
823 	 16.358176 	 128.548302 	 0.000000 	 -0.750424 	 -0.220267 	 -0.623174
824 	 17.634121 	 121.645889 	 0.000000 	 -0.811304 	 -0.257893 	 -0.524668
825 	 23.328667 	 132.946147 	 0.000000 	 -0.672153 	 -0.289873 	 -0.681311
826 	 24.094843 	 125.758499 	 0.000000 	 -0.740783 	 -0.331288 	 -0.584370
827 	 24.733413 	 118.566802 	 0.000000 	 -0.797692 	 -0.367461 	 -0.478183
828 	 31.717474 	 137.031549 	 0.000000 	 -0.579800 	 -0.358336 	 -0.731729
829 	 31.717474 	 129.718078 	 0.000000 	 -0.654319 	 -0.404391 	 -0.639011
830 	 31.717474 	 122.281922 	 0.000000 	 -0.719166 	 -0.444469 	 -0.534086
831 	 31.717474 	 114.968451 	 0.000000 	 -0.771149 	 -0.476596 	 -0.422119
832 	 41.531154 	 140.457207 	 0.000000 	 -0.476596 	 -0.422119 	 -0.771149
833 	 40.500705 	 133.225597 	 0.000000 	 -0.554074 	 -0.473235 	 -0.684873
834 	 39.664830 	 125.737449 	 0.000000 	 -0.624841 	 -0.518106 	 -0.584072
835 	 38.973447 	 118.244519 	 0.000000 	 -0.684873 	 -0.554074 	 -0.473235
836 	 38.392230 	 110.998038 	 0.000000 	 -0.731729 	 -0.579800 	 -0.358336
837 	 52.459411 	 142.910305 	 0.000000 	 -0.367461 	 -0.478183 	 -0.797692
838 	 50.232583 	 135.985670 	 0.000000 	 -0.444469 	 -0.534086 	 -0.719166
839 	 48.425115 	 128.670537 	 0.000000 	 -0.518106 	 -0.584072 	 -0.624841
840 	 46.931511 	 121.205266 	 0.000000 	 -0.584072 	 -0.624841 	 -0.518106
841 	 45.678143 	 113.852989 	 0.000000 	 -0.639011 	 -0.654319 	 -0.404391
842 	 44.612323 	 106.850379 	 0.000000 	 -0.681311 	 -0.672153 	 -0.289873
843 	 63.824254 	 144.223576 	 0.000000 	 -0.257893 	 -0.524668 	 -0.811304
844 	 60.450437 	 137.798172 	 0.000000 	 -0.331288 	 -0.584370 	 -0.740783
845 	 57.672743 	 130.868024 	 0.000000 	 -0.404391 	 -0.639011 	 -0.654319
846 	 55.356186 	 123.646935 	 0.000000 	 -0.473235 	 -0.684873 	 -0.554074
847 	 53.400730 	 116.389374 	 0.000000 	 -0.534086 	 -0.719166 	 -0.444469
848 	 51.731703 	 109.346989 	 0.000000 	 -0.584370 	 -0.740783 	 -0.331288
849 	 50.292769 	 102.724701 	 0.000000 	 -0.623174 	 -0.750424 	 -0.220267
850 	 74.772976 	 144.441137 	 0.000000 	 -0.152738 	 -0.561123 	 -0.813519
851 	 70.533569 	 138.627138 	 0.000000 	 -0.220267 	 -0.623174 	 -0.750424
852 	 66.951974 	 132.233426 	 0.000000 	 -0.289873 	 -0.681311 	 -0.672153
853 	 63.908489 	 125.436463 	 0.000000 	 -0.358336 	 -0.731729 	 -0.579800
854 	 61.304159 	 118.463347 	 0.000000 	 -0.422119 	 -0.771149 	 -0.476596
855 	 59.059085 	 111.559132 	 0.000000 	 -0.478183 	 -0.797692 	 -0.367461
856 	 57.109385 	 104.945065 	 0.000000 	 -0.524668 	 -0.811304 	 -0.257893
857 	 55.404106 	 98.785627 	 0.000000 	 -0.561123 	 -0.813519 	 -0.152738
858 	 76.984796 	 155.218891 	 0.000000 	 -0.094397 	 -0.408385 	 -0.907916
859 	 61.660033 	 155.479208 	 0.000000 	 -0.197013 	 -0.365281 	 -0.909811
860 	 72.068067 	 161.340520 	 0.000000 	 -0.098506 	 -0.304401 	 -0.947437
861 	 45.848249 	 154.060470 	 0.000000 	 -0.304691 	 -0.313849 	 -0.899256
862 	 51.026553 	 161.002117 	 0.000000 	 -0.204747 	 -0.253082 	 -0.945531
863 	 61.660033 	 167.645913 	 0.000000 	 -0.101564 	 -0.188310 	 -0.976844
864 	 31.717474 	 150.968451 	 0.000000 	 -0.412813 	 -0.255133 	 -0.874353
865 	 31.717474 	 158.281922 	 0.000000 	 -0.314775 	 -0.194541 	 -0.929016
866 	 31.717474 	 165.718078 	 0.000000 	 -0.209850 	 -0.129694 	 -0.969094
867 	 31.717474 	 173.031549 	 0.000000 	 -0.103203 	 -0.063783 	 -0.992613
868 	 20.345808 	 146.608806 	 0.000000 	 -0.516017 	 -0.191349 	 -0.834932
869 	 17.172038 	 153.703050 	 0.000000 	 -0.423275 	 -0.130799 	 -0.896510
870 	 11.640723 	 160.917384 	 0.000000 	 -0.320207 	 -0.065966 	 -0.945048
871 	 360.000000 	 167.781680 	 0.000000 	 -0.211637 	 0.000000 	 -0.977348
872 	 328.282526 	 173.031549 	 0.000000 	 -0.103203 	 0.063783 	 -0.992613
873 	 11.640723 	 141.524516 	 0.000000 	 -0.609383 	 -0.125540 	 -0.782874
874 	 7.046406 	 148.087932 	 0.000000 	 -0.524625 	 -0.064847 	 -0.848860
875 	 0.000000 	 154.726319 	 0.000000 	 -0.426943 	 -0.000000 	 -0.904279
876 	 348.359277 	 160.917384 	 0.000000 	 -0.320207 	 0.065966 	 -0.945048
877 	 328.282526 	 165.718078 	 0.000000 	 -0.209850 	 0.129694 	 -0.969094
878 	 298.339967 	 167.645913 	 0.000000 	 -0.101564 	 0.188310 	 -0.976844
879 	 5.045594 	 136.193398 	 0.000000 	 -0.689544 	 -0.060880 	 -0.721680
880 	 0.000000 	 142.103115 	 0.000000 	 -0.614242 	 -0.000000 	 -0.789117
881 	 352.953594 	 148.087932 	 0.000000 	 -0.524625 	 0.064847 	 -0.848860
882 	 342.827962 	 153.703050 	 0.000000 	 -0.423275 	 0.130799 	 -0.896510
883 	 328.282526 	 158.281922 	 0.000000 	 -0.314775 	 0.194541 	 -0.929016
884 	 308.973447 	 161.002117 	 0.000000 	 -0.204747 	 0.253082 	 -0.945531
885 	 287.931933 	 161.340520 	 0.000000 	 -0.098506 	 0.304401 	 -0.947437
886 	 0.000000 	 130.959091 	 0.000000 	 -0.755178 	 -0.000000 	 -0.655520
887 	 354.954406 	 136.193398 	 0.000000 	 -0.689544 	 0.060880 	 -0.721680
888 	 348.359277 	 141.524516 	 0.000000 	 -0.609383 	 0.125540 	 -0.782874
889 	 339.654192 	 146.608806 	 0.000000 	 -0.516017 	 0.191349 	 -0.834932
890 	 328.282526 	 150.968451 	 0.000000 	 -0.412813 	 0.255133 	 -0.874353
891 	 314.151751 	 154.060470 	 0.000000 	 -0.304691 	 0.313849 	 -0.899256
892 	 298.339967 	 155.479208 	 0.000000 	 -0.197013 	 0.365281 	 -0.909811
893 	 283.015204 	 155.218891 	 0.000000 	 -0.094397 	 0.408385 	 -0.907916
894 	 180.000000 	 130.959091 	 0.000000 	 0.755178 	 0.000000 	 -0.655520
895 	 174.954406 	 136.193398 	 0.000000 	 0.689544 	 -0.060880 	 -0.721680
896 	 185.045594 	 136.193398 	 0.000000 	 0.689544 	 0.060880 	 -0.721680
897 	 168.359277 	 141.524516 	 0.000000 	 0.609383 	 -0.125540 	 -0.782874
898 	 180.000000 	 142.103115 	 0.000000 	 0.614242 	 0.000000 	 -0.789117
899 	 191.640723 	 141.524516 	 0.000000 	 0.609383 	 0.125540 	 -0.782874
900 	 159.654192 	 146.608806 	 0.000000 	 0.516017 	 -0.191349 	 -0.834932
901 	 172.953594 	 148.087932 	 0.000000 	 0.524625 	 -0.064847 	 -0.848860
902 	 187.046406 	 148.087932 	 0.000000 	 0.524625 	 0.064847 	 -0.848860
903 	 200.345808 	 146.608806 	 0.000000 	 0.516017 	 0.191349 	 -0.834932
904 	 148.282526 	 150.968451 	 0.000000 	 0.412813 	 -0.255133 	 -0.874353
905 	 162.827962 	 153.703050 	 0.000000 	 0.423275 	 -0.130799 	 -0.896510
906 	 180.000000 	 154.726319 	 0.000000 	 0.426943 	 0.000000 	 -0.904279
907 	 197.172038 	 153.703050 	 0.000000 	 0.423275 	 0.130799 	 -0.896510
908 	 211.717474 	 150.968451 	 0.000000 	 0.412813 	 0.255133 	 -0.874353
909 	 134.151751 	 154.060470 	 0.000000 	 0.304691 	 -0.313849 	 -0.899256
910 	 148.282526 	 158.281922 	 0.000000 	 0.314775 	 -0.194541 	 -0.929016
911 	 168.359277 	 160.917384 	 0.000000 	 0.320207 	 -0.065966 	 -0.945048
912 	 191.640723 	 160.917384 	 0.000000 	 0.320207 	 0.065966 	 -0.945048
913 	 211.717474 	 158.281922 	 0.000000 	 0.314775 	 0.194541 	 -0.929016
914 	 225.848249 	 154.060470 	 0.000000 	 0.304691 	 0.313849 	 -0.899256
915 	 118.339967 	 155.479208 	 0.000000 	 0.197013 	 -0.365281 	 -0.909811
916 	 128.973447 	 161.002117 	 0.000000 	 0.204747 	 -0.253082 	 -0.945531
917 	 148.282526 	 165.718078 	 0.000000 	 0.209850 	 -0.129694 	 -0.969094
918 	 180.000000 	 167.781680 	 0.000000 	 0.211637 	 0.000000 	 -0.977348
919 	 211.717474 	 165.718078 	 0.000000 	 0.209850 	 0.129694 	 -0.969094
920 	 231.026553 	 161.002117 	 0.000000 	 0.204747 	 0.253082 	 -0.945531
921 	 241.660033 	 155.479208 	 0.000000 	 0.197013 	 0.365281 	 -0.909811
922 	 103.015204 	 155.218891 	 0.000000 	 0.094397 	 -0.408385 	 -0.907916
923 	 107.931933 	 161.340520 	 0.000000 	 0.098506 	 -0.304401 	 -0.947437
924 	 118.339967 	 167.645913 	 0.000000 	 0.101564 	 -0.188310 	 -0.976844
925 	 148.282526 	 173.031549 	 0.000000 	 0.103203 	 -0.063783 	 -0.992613
926 	 211.717474 	 173.031549 	 0.000000 	 0.103203 	 0.063783 	 -0.992613
927 	 241.660033 	 167.645913 	 0.000000 	 0.101564 	 0.188310 	 -0.976844
928 	 252.068067 	 161.340520 	 0.000000 	 0.098506 	 0.304401 	 -0.947437
929 	 256.984796 	 155.218891 	 0.000000 	 0.094397 	 0.408385 	 -0.907916
930 	 256.984796 	 24.781109 	 0.000000 	 0.094397 	 0.408385 	 0.907916
931 	 252.068067 	 18.659480 	 0.000000 	 0.098506 	 0.304401 	 0.947437
932 	 241.660033 	 24.520792 	 0.000000 	 0.197013 	 0.365281 	 0.909811
933 	 241.660033 	 12.354087 	 0.000000 	 0.101564 	 0.188310 	 0.976844
934 	 231.026553 	 18.997883 	 0.000000 	 0.204747 	 0.253082 	 0.945531
935 	 225.848249 	 25.939530 	 0.000000 	 0.304691 	 0.313849 	 0.899256
936 	 211.717474 	 6.968451 	 0.000000 	 0.103203 	 0.063783 	 0.992613
937 	 211.717474 	 14.281922 	 0.000000 	 0.209850 	 0.129694 	 0.969094
938 	 211.717474 	 21.718078 	 0.000000 	 0.314775 	 0.194541 	 0.929016
939 	 211.717474 	 29.031549 	 0.000000 	 0.412813 	 0.255133 	 0.874353
940 	 148.282526 	 6.968451 	 0.000000 	 0.103203 	 -0.063783 	 0.992613
941 	 180.000000 	 12.218320 	 0.000000 	 0.211637 	 0.000000 	 0.977348
942 	 191.640723 	 19.082616 	 0.000000 	 0.320207 	 0.065966 	 0.945048
943 	 197.172038 	 26.296950 	 0.000000 	 0.423275 	 0.130799 	 0.896510
944 	 200.345808 	 33.391194 	 0.000000 	 0.516017 	 0.191349 	 0.834932
945 	 118.339967 	 12.354087 	 0.000000 	 0.101564 	 -0.188310 	 0.976844
946 	 148.282526 	 14.281922 	 0.000000 	 0.209850 	 -0.129694 	 0.969094
947 	 168.359277 	 19.082616 	 0.000000 	 0.320207 	 -0.065966 	 0.945048
948 	 180.000000 	 25.273681 	 0.000000 	 0.426943 	 0.000000 	 0.904279
949 	 187.046406 	 31.912068 	 0.000000 	 0.524625 	 0.064847 	 0.848860
950 	 191.640723 	 38.475484 	 0.000000 	 0.609383 	 0.125540 	 0.782874
951 	 107.931933 	 18.659480 	 0.000000 	 0.098506 	 -0.304401 	 0.947437
952 	 128.973447 	 18.997883 	 0.000000 	 0.204747 	 -0.253082 	 0.945531
953 	 148.282526 	 21.718078 	 0.000000 	 0.314775 	 -0.194541 	 0.929016
954 	 162.827962 	 26.296950 	 0.000000 	 0.423275 	 -0.130799 	 0.896510
955 	 172.953594 	 31.912068 	 0.000000 	 0.524625 	 -0.064847 	 0.848860
956 	 180.000000 	 37.896885 	 0.000000 	 0.614242 	 0.000000 	 0.789117
957 	 185.045594 	 43.806602 	 0.000000 	 0.689544 	 0.060880 	 0.721680
958 	 103.015204 	 24.781109 	 0.000000 	 0.094397 	 -0.408385 	 0.907916
959 	 118.339967 	 24.520792 	 0.000000 	 0.197013 	 -0.365281 	 0.909811
960 	 134.151751 	 25.939530 	 0.000000 	 0.304691 	 -0.313849 	 0.899256
961 	 148.282526 	 29.031549 	 0.000000 	 0.412813 	 -0.255133 	 0.874353
962 	 159.654192 	 33.391194 	 0.000000 	 0.516017 	 -0.191349 	 0.834932
963 	 168.359277 	 38.475484 	 0.000000 	 0.609383 	 -0.125540 	 0.782874
964 	 174.954406 	 43.806602 	 0.000000 	 0.689544 	 -0.060880 	 0.721680
965 	 180.000000 	 49.040909 	 0.000000 	 0.755178 	 0.000000 	 0.655520
966 	 283.015204 	 24.781109 	 0.000000 	 -0.094397 	 0.408385 	 0.907916
967 	 298.339967 	 24.520792 	 0.000000 	 -0.197013 	 0.365281 	 0.909811
968 	 287.931933 	 18.659480 	 0.000000 	 -0.098506 	 0.304401 	 0.947437
969 	 314.151751 	 25.939530 	 0.000000 	 -0.304691 	 0.313849 	 0.899256
970 	 308.973447 	 18.997883 	 0.000000 	 -0.204747 	 0.253082 	 0.945531
971 	 298.339967 	 12.354087 	 0.000000 	 -0.101564 	 0.188310 	 0.976844
972 	 328.282526 	 29.031549 	 0.000000 	 -0.412813 	 0.255133 	 0.874353
973 	 328.282526 	 21.718078 	 0.000000 	 -0.314775 	 0.194541 	 0.929016
974 	 328.282526 	 14.281922 	 0.000000 	 -0.209850 	 0.129694 	 0.969094
975 	 328.282526 	 6.968451 	 0.000000 	 -0.103203 	 0.063783 	 0.992613
976 	 339.654192 	 33.391194 	 0.000000 	 -0.516017 	 0.191349 	 0.834932
977 	 342.827962 	 26.296950 	 0.000000 	 -0.423275 	 0.130799 	 0.896510
978 	 348.359277 	 19.082616 	 0.000000 	 -0.320207 	 0.065966 	 0.945048
979 	 360.000000 	 12.218320 	 0.000000 	 -0.211637 	 0.000000 	 0.977348
980 	 31.717474 	 6.968451 	 0.000000 	 -0.103203 	 -0.063783 	 0.992613
981 	 348.359277 	 38.475484 	 0.000000 	 -0.609383 	 0.125540 	 0.782874
982 	 352.953594 	 31.912068 	 0.000000 	 -0.524625 	 0.064847 	 0.848860
983 	 360.000000 	 25.273681 	 0.000000 	 -0.426943 	 0.000000 	 0.904279
984 	 11.640723 	 19.082616 	 0.000000 	 -0.320207 	 -0.065966 	 0.945048
985 	 31.717474 	 14.281922 	 0.000000 	 -0.209850 	 -0.129694 	 0.969094
986 	 61.660033 	 12.354087 	 0.000000 	 -0.101564 	 -0.188310 	 0.976844
987 	 354.954406 	 43.806602 	 0.000000 	 -0.689544 	 0.060880 	 0.721680
988 	 360.000000 	 37.896885 	 0.000000 	 -0.614242 	 0.000000 	 0.789117
989 	 7.046406 	 31.912068 	 0.000000 	 -0.524625 	 -0.064847 	 0.848860
990 	 17.172038 	 26.296950 	 0.000000 	 -0.423275 	 -0.130799 	 0.896510
991 	 31.717474 	 21.718078 	 0.000000 	 -0.314775 	 -0.194541 	 0.929016
992 	 51.026553 	 18.997883 	 0.000000 	 -0.204747 	 -0.253082 	 0.945531
993 	 72.068067 	 18.659480 	 0.000000 	 -0.098506 	 -0.304401 	 0.947437
994 	 360.000000 	 49.040909 	 0.000000 	 -0.755178 	 0.000000 	 0.655520
995 	 5.045594 	 43.806602 	 0.000000 	 -0.689544 	 -0.060880 	 0.721680
996 	 11.640723 	 38.475484 	 0.000000 	 -0.609383 	 -0.125540 	 0.782874
997 	 20.345808 	 33.391194 	 0.000000 	 -0.516017 	 -0.191349 	 0.834932
998 	 31.717474 	 29.031549 	 0.000000 	 -0.412813 	 -0.255133 	 0.874353
999 	 45.848249 	 25.939530 	 0.000000 	 -0.304691 	 -0.313849 	 0.899256
1000 	 61.660033 	 24.520792 	 0.000000 	 -0.197013 	 -0.365281 	 0.909811
1001 	 76.984796 	 24.781109 	 0.000000 	 -0.094397 	 -0.408385 	 0.907916
