0 	 270.000000 	 148.282526 	 0.000000 	 0.000000 	 0.525731 	 -0.850651
1 	 90.000000 	 148.282526 	 0.000000 	 0.000000 	 -0.525731 	 -0.850651
2 	 180.000000 	 121.717474 	 0.000000 	 0.850651 	 0.000000 	 -0.525731
3 	 180.000000 	 58.282526 	 0.000000 	 0.850651 	 0.000000 	 0.525731
4 	 270.000000 	 31.717474 	 0.000000 	 0.000000 	 0.525731 	 0.850651
5 	 90.000000 	 31.717474 	 0.000000 	 0.000000 	 -0.525731 	 0.850651
6 	 360.000000 	 58.282526 	 0.000000 	 -0.850651 	 0.000000 	 0.525731
7 	 360.000000 	 121.717474 	 0.000000 	 -0.850651 	 0.000000 	 -0.525731
8 	 238.282526 	 90.000000 	 0.000000 	 0.525731 	 0.850651 	 0.000000
9 	 301.717474 	 90.000000 	 0.000000 	 -0.525731 	 0.850651 	 0.000000
10 	 58.282526 	 90.000000 	 0.000000 	 -0.525731 	 -0.850651 	 0.000000
11 	 121.717474 	 90.000000 	 0.000000 	 0.525731 	 -0.850651 	 0.000000
12 	 244.326727 	 90.000000 	 0.000000 	 0.433239 	 0.901279 	 0.000000
13 	 251.049978 	 90.000000 	 0.000000 	 0.324743 	 0.945802 	 0.000000
14 	 258.359277 	 90.000000 	 0.000000 	 0.201774 	 0.979432 	 0.000000
15 	 266.071641 	 90.000000 	 0.000000 	 0.068509 	 0.997650 	 0.000000
16 	 273.928359 	 90.000000 	 0.000000 	 -0.068509 	 0.997650 	 0.000000
17 	 281.640723 	 90.000000 	 0.000000 	 -0.201774 	 0.979432 	 0.000000
18 	 288.950022 	 90.000000 	 0.000000 	 -0.324743 	 0.945802 	 0.000000
19 	 295.673273 	 90.000000 	 0.000000 	 -0.433239 	 0.901279 	 0.000000
20 	 264.064208 	 143.238823 	 0.000000 	 0.061891 	 0.595272 	 -0.801137
21 	 258.944402 	 137.359964 	 0.000000 	 0.129897 	 0.664819 	 -0.735624
22 	 254.549563 	 130.764748 	 0.000000 	 0.201774 	 0.730026 	 -0.652955
23 	 250.777823 	 123.659091 	 0.000000 	 0.274036 	 0.785946 	 -0.554250
24 	 247.532013 	 116.321031 	 0.000000 	 0.342546 	 0.828287 	 -0.443400
25 	 244.726319 	 109.055105 	 0.000000 	 0.403548 	 0.854729 	 -0.326477
26 	 242.287973 	 102.132799 	 0.000000 	 0.454641 	 0.865521 	 -0.210178
27 	 240.156577 	 95.747355 	 0.000000 	 0.495130 	 0.863028 	 -0.100142
28 	 275.935792 	 143.238823 	 0.000000 	 -0.061891 	 0.595272 	 -0.801137
29 	 281.055598 	 137.359964 	 0.000000 	 -0.129897 	 0.664819 	 -0.735624
30 	 285.450437 	 130.764748 	 0.000000 	 -0.201774 	 0.730026 	 -0.652955
31 	 289.222177 	 123.659091 	 0.000000 	 -0.274036 	 0.785946 	 -0.554250
32 	 292.467987 	 116.321031 	 0.000000 	 -0.342546 	 0.828287 	 -0.443400
33 	 295.273681 	 109.055105 	 0.000000 	 -0.403548 	 0.854729 	 -0.326477
34 	 297.712027 	 102.132799 	 0.000000 	 -0.454641 	 0.865521 	 -0.210178
35 	 299.843423 	 95.747355 	 0.000000 	 -0.495130 	 0.863028 	 -0.100142
36 	 186.618759 	 119.678319 	 0.000000 	 0.863028 	 0.100142 	 -0.495130
37 	 193.649185 	 117.041812 	 0.000000 	 0.865521 	 0.210178 	 -0.454641
38 	 200.905157 	 113.800183 	 0.000000 	 0.854729 	 0.326477 	 -0.403548
39 	 208.161130 	 110.032036 	 0.000000 	 0.828287 	 0.443400 	 -0.342546
40 	 215.191556 	 105.904598 	 0.000000 	 0.785946 	 0.554250 	 -0.274036
41 	 221.810315 	 101.640723 	 0.000000 	 0.730026 	 0.652955 	 -0.201774
42 	 227.894356 	 97.463658 	 0.000000 	 0.664819 	 0.735624 	 -0.129897
43 	 233.386396 	 93.548375 	 0.000000 	 0.595272 	 0.801137 	 -0.061891
44 	 258.565930 	 149.658323 	 0.000000 	 0.100142 	 0.495130 	 -0.863028
45 	 245.189115 	 149.942278 	 0.000000 	 0.210178 	 0.454641 	 -0.865521
46 	 231.026553 	 148.729790 	 0.000000 	 0.326477 	 0.403548 	 -0.854729
47 	 217.687611 	 145.923139 	 0.000000 	 0.443400 	 0.342546 	 -0.828287
48 	 206.309043 	 141.808231 	 0.000000 	 0.554250 	 0.274036 	 -0.785946
49 	 197.172038 	 136.888538 	 0.000000 	 0.652955 	 0.201774 	 -0.730026
50 	 190.014123 	 131.668430 	 0.000000 	 0.735624 	 0.129897 	 -0.664819
51 	 184.417568 	 126.532031 	 0.000000 	 0.801137 	 0.061891 	 -0.595272
52 	 186.618759 	 60.321681 	 0.000000 	 0.863028 	 0.100142 	 0.495130
53 	 193.649185 	 62.958188 	 0.000000 	 0.865521 	 0.210178 	 0.454641
54 	 200.905157 	 66.199817 	 0.000000 	 0.854729 	 0.326477 	 0.403548
55 	 208.161130 	 69.967964 	 0.000000 	 0.828287 	 0.443400 	 0.342546
56 	 215.191556 	 74.095402 	 0.000000 	 0.785946 	 0.554250 	 0.274036
57 	 221.810315 	 78.359277 	 0.000000 	 0.730026 	 0.652955 	 0.201774
58 	 227.894356 	 82.536342 	 0.000000 	 0.664819 	 0.735624 	 0.129897
59 	 233.386396 	 86.451625 	 0.000000 	 0.595272 	 0.801137 	 0.061891
60 	 180.000000 	 115.673273 	 0.000000 	 0.901279 	 0.000000 	 -0.433239
61 	 180.000000 	 108.950022 	 0.000000 	 0.945802 	 0.000000 	 -0.324743
62 	 180.000000 	 101.640723 	 0.000000 	 0.979432 	 0.000000 	 -0.201774
63 	 180.000000 	 93.928359 	 0.000000 	 0.997650 	 0.000000 	 -0.068509
64 	 180.000000 	 86.071641 	 0.000000 	 0.997650 	 0.000000 	 0.068509
65 	 180.000000 	 78.359277 	 0.000000 	 0.979432 	 0.000000 	 0.201774
66 	 180.000000 	 71.049978 	 0.000000 	 0.945802 	 0.000000 	 0.324743
67 	 180.000000 	 64.326727 	 0.000000 	 0.901279 	 0.000000 	 0.433239
68 	 264.064208 	 36.761177 	 0.000000 	 0.061891 	 0.595272 	 0.801137
69 	 258.944402 	 42.640036 	 0.000000 	 0.129897 	 0.664819 	 0.735624
70 	 254.549563 	 49.235252 	 0.000000 	 0.201774 	 0.730026 	 0.652955
71 	 250.777823 	 56.340909 	 0.000000 	 0.274036 	 0.785946 	 0.554250
72 	 247.532013 	 63.678969 	 0.000000 	 0.342546 	 0.828287 	 0.443400
73 	 244.726319 	 70.944895 	 0.000000 	 0.403548 	 0.854729 	 0.326477
74 	 242.287973 	 77.867201 	 0.000000 	 0.454641 	 0.865521 	 0.210178
75 	 240.156577 	 84.252645 	 0.000000 	 0.495130 	 0.863028 	 0.100142
76 	 184.417568 	 53.467969 	 0.000000 	 0.801137 	 0.061891 	 0.595272
77 	 190.014123 	 48.331570 	 0.000000 	 0.735624 	 0.129897 	 0.664819
78 	 197.172038 	 43.111462 	 0.000000 	 0.652955 	 0.201774 	 0.730026
79 	 206.309043 	 38.191769 	 0.000000 	 0.554250 	 0.274036 	 0.785946
80 	 217.687611 	 34.076861 	 0.000000 	 0.443400 	 0.342546 	 0.828287
81 	 231.026553 	 31.270210 	 0.000000 	 0.326477 	 0.403548 	 0.854729
82 	 245.189115 	 30.057722 	 0.000000 	 0.210178 	 0.454641 	 0.865521
83 	 258.565930 	 30.341677 	 0.000000 	 0.100142 	 0.495130 	 0.863028
84 	 275.935792 	 36.761177 	 0.000000 	 -0.061891 	 0.595272 	 0.801137
85 	 281.055598 	 42.640036 	 0.000000 	 -0.129897 	 0.664819 	 0.735624
86 	 285.450437 	 49.235252 	 0.000000 	 -0.201774 	 0.730026 	 0.652955
87 	 289.222177 	 56.340909 	 0.000000 	 -0.274036 	 0.785946 	 0.554250
88 	 292.467987 	 63.678969 	 0.000000 	 -0.342546 	 0.828287 	 0.443400
89 	 295.273681 	 70.944895 	 0.000000 	 -0.403548 	 0.854729 	 0.326477
90 	 297.712027 	 77.867201 	 0.000000 	 -0.454641 	 0.865521 	 0.210178
91 	 299.843423 	 84.252645 	 0.000000 	 -0.495130 	 0.863028 	 0.100142
92 	 353.381241 	 60.321681 	 0.000000 	 -0.863028 	 0.100142 	 0.495130
93 	 346.350815 	 62.958188 	 0.000000 	 -0.865521 	 0.210178 	 0.454641
94 	 339.094843 	 66.199817 	 0.000000 	 -0.854729 	 0.326477 	 0.403548
95 	 331.838870 	 69.967964 	 0.000000 	 -0.828287 	 0.443400 	 0.342546
96 	 324.808444 	 74.095402 	 0.000000 	 -0.785946 	 0.554250 	 0.274036
97 	 318.189685 	 78.359277 	 0.000000 	 -0.730026 	 0.652955 	 0.201774
98 	 312.105644 	 82.536342 	 0.000000 	 -0.664819 	 0.735624 	 0.129897
99 	 306.613604 	 86.451625 	 0.000000 	 -0.595272 	 0.801137 	 0.061891
100 	 281.434070 	 30.341677 	 0.000000 	 -0.100142 	 0.495130 	 0.863028
101 	 294.810885 	 30.057722 	 0.000000 	 -0.210178 	 0.454641 	 0.865521
102 	 308.973447 	 31.270210 	 0.000000 	 -0.326477 	 0.403548 	 0.854729
103 	 322.312389 	 34.076861 	 0.000000 	 -0.443400 	 0.342546 	 0.828287
104 	 333.690957 	 38.191769 	 0.000000 	 -0.554250 	 0.274036 	 0.785946
105 	 342.827962 	 43.111462 	 0.000000 	 -0.652955 	 0.201774 	 0.730026
106 	 349.985877 	 48.331570 	 0.000000 	 -0.735624 	 0.129897 	 0.664819
107 	 355.582432 	 53.467969 	 0.000000 	 -0.801137 	 0.061891 	 0.595272
108 	 353.381241 	 119.678319 	 0.000000 	 -0.863028 	 0.100142 	 -0.495130
109 	 346.350815 	 117.041812 	 0.000000 	 -0.865521 	 0.210178 	 -0.454641
110 	 339.094843 	 113.800183 	 0.000000 	 -0.854729 	 0.326477 	 -0.403548
111 	 331.838870 	 110.032036 	 0.000000 	 -0.828287 	 0.443400 	 -0.342546
112 	 324.808444 	 105.904598 	 0.000000 	 -0.785946 	 0.554250 	 -0.274036
113 	 318.189685 	 101.640723 	 0.000000 	 -0.730026 	 0.652955 	 -0.201774
114 	 312.105644 	 97.463658 	 0.000000 	 -0.664819 	 0.735624 	 -0.129897
115 	 306.613604 	 93.548375 	 0.000000 	 -0.595272 	 0.801137 	 -0.061891
116 	 360.000000 	 64.326727 	 0.000000 	 -0.901279 	 0.000000 	 0.433239
117 	 360.000000 	 71.049978 	 0.000000 	 -0.945802 	 0.000000 	 0.324743
118 	 360.000000 	 78.359277 	 0.000000 	 -0.979432 	 0.000000 	 0.201774
119 	 360.000000 	 86.071641 	 0.000000 	 -0.997650 	 0.000000 	 0.068509
120 	 360.000000 	 93.928359 	 0.000000 	 -0.997650 	 0.000000 	 -0.068509
121 	 360.000000 	 101.640723 	 0.000000 	 -0.979432 	 0.000000 	 -0.201774
122 	 360.000000 	 108.950022 	 0.000000 	 -0.945802 	 0.000000 	 -0.324743
123 	 360.000000 	 115.673273 	 0.000000 	 -0.901279 	 0.000000 	 -0.433239
124 	 281.434070 	 149.658323 	 0.000000 	 -0.100142 	 0.495130 	 -0.863028
125 	 294.810885 	 149.942278 	 0.000000 	 -0.210178 	 0.454641 	 -0.865521
126 	 308.973447 	 148.729790 	 0.000000 	 -0.326477 	 0.403548 	 -0.854729
127 	 322.312389 	 145.923139 	 0.000000 	 -0.443400 	 0.342546 	 -0.828287
128 	 333.690957 	 141.808231 	 0.000000 	 -0.554250 	 0.274036 	 -0.785946
129 	 342.827962 	 136.888538 	 0.000000 	 -0.652955 	 0.201774 	 -0.730026
130 	 349.985877 	 131.668430 	 0.000000 	 -0.735624 	 0.129897 	 -0.664819
131 	 355.582432 	 126.532031 	 0.000000 	 -0.801137 	 0.061891 	 -0.595272
132 	 64.326727 	 90.000000 	 0.000000 	 -0.433239 	 -0.901279 	 0.000000
133 	 71.049978 	 90.000000 	 0.000000 	 -0.324743 	 -0.945802 	 0.000000
134 	 78.359277 	 90.000000 	 0.000000 	 -0.201774 	 -0.979432 	 0.000000
135 	 86.071641 	 90.000000 	 0.000000 	 -0.068509 	 -0.997650 	 0.000000
136 	 93.928359 	 90.000000 	 0.000000 	 0.068509 	 -0.997650 	 0.000000
137 	 101.640723 	 90.000000 	 0.000000 	 0.201774 	 -0.979432 	 0.000000
138 	 108.950022 	 90.000000 	 0.000000 	 0.324743 	 -0.945802 	 0.000000
139 	 115.673273 	 90.000000 	 0.000000 	 0.433239 	 -0.901279 	 0.000000
140 	 84.064208 	 143.238823 	 0.000000 	 -0.061891 	 -0.595272 	 -0.801137
141 	 78.944402 	 137.359964 	 0.000000 	 -0.129897 	 -0.664819 	 -0.735624
142 	 74.549563 	 130.764748 	 0.000000 	 -0.201774 	 -0.730026 	 -0.652955
143 	 70.777823 	 123.659091 	 0.000000 	 -0.274036 	 -0.785946 	 -0.554250
144 	 67.532013 	 116.321031 	 0.000000 	 -0.342546 	 -0.828287 	 -0.443400
145 	 64.726319 	 109.055105 	 0.000000 	 -0.403548 	 -0.854729 	 -0.326477
146 	 62.287973 	 102.132799 	 0.000000 	 -0.454641 	 -0.865521 	 -0.210178
147 	 60.156577 	 95.747355 	 0.000000 	 -0.495130 	 -0.863028 	 -0.100142
148 	 95.935792 	 143.238823 	 0.000000 	 0.061891 	 -0.595272 	 -0.801137
149 	 101.055598 	 137.359964 	 0.000000 	 0.129897 	 -0.664819 	 -0.735624
150 	 105.450437 	 130.764748 	 0.000000 	 0.201774 	 -0.730026 	 -0.652955
151 	 109.222177 	 123.659091 	 0.000000 	 0.274036 	 -0.785946 	 -0.554250
152 	 112.467987 	 116.321031 	 0.000000 	 0.342546 	 -0.828287 	 -0.443400
153 	 115.273681 	 109.055105 	 0.000000 	 0.403548 	 -0.854729 	 -0.326477
154 	 117.712027 	 102.132799 	 0.000000 	 0.454641 	 -0.865521 	 -0.210178
155 	 119.843423 	 95.747355 	 0.000000 	 0.495130 	 -0.863028 	 -0.100142
156 	 173.381241 	 119.678319 	 0.000000 	 0.863028 	 -0.100142 	 -0.495130
157 	 166.350815 	 117.041812 	 0.000000 	 0.865521 	 -0.210178 	 -0.454641
158 	 159.094843 	 113.800183 	 0.000000 	 0.854729 	 -0.326477 	 -0.403548
159 	 151.838870 	 110.032036 	 0.000000 	 0.828287 	 -0.443400 	 -0.342546
160 	 144.808444 	 105.904598 	 0.000000 	 0.785946 	 -0.554250 	 -0.274036
161 	 138.189685 	 101.640723 	 0.000000 	 0.730026 	 -0.652955 	 -0.201774
162 	 132.105644 	 97.463658 	 0.000000 	 0.664819 	 -0.735624 	 -0.129897
163 	 126.613604 	 93.548375 	 0.000000 	 0.595272 	 -0.801137 	 -0.061891
164 	 101.434070 	 149.658323 	 0.000000 	 0.100142 	 -0.495130 	 -0.863028
165 	 114.810885 	 149.942278 	 0.000000 	 0.210178 	 -0.454641 	 -0.865521
166 	 128.973447 	 148.729790 	 0.000000 	 0.326477 	 -0.403548 	 -0.854729
167 	 142.312389 	 145.923139 	 0.000000 	 0.443400 	 -0.342546 	 -0.828287
168 	 153.690957 	 141.808231 	 0.000000 	 0.554250 	 -0.274036 	 -0.785946
169 	 162.827962 	 136.888538 	 0.000000 	 0.652955 	 -0.201774 	 -0.730026
170 	 169.985877 	 131.668430 	 0.000000 	 0.735624 	 -0.129897 	 -0.664819
171 	 175.582432 	 126.532031 	 0.000000 	 0.801137 	 -0.061891 	 -0.595272
172 	 173.381241 	 60.321681 	 0.000000 	 0.863028 	 -0.100142 	 0.495130
173 	 166.350815 	 62.958188 	 0.000000 	 0.865521 	 -0.210178 	 0.454641
174 	 159.094843 	 66.199817 	 0.000000 	 0.854729 	 -0.326477 	 0.403548
175 	 151.838870 	 69.967964 	 0.000000 	 0.828287 	 -0.443400 	 0.342546
176 	 144.808444 	 74.095402 	 0.000000 	 0.785946 	 -0.554250 	 0.274036
177 	 138.189685 	 78.359277 	 0.000000 	 0.730026 	 -0.652955 	 0.201774
178 	 132.105644 	 82.536342 	 0.000000 	 0.664819 	 -0.735624 	 0.129897
179 	 126.613604 	 86.451625 	 0.000000 	 0.595272 	 -0.801137 	 0.061891
180 	 175.582432 	 53.467969 	 0.000000 	 0.801137 	 -0.061891 	 0.595272
181 	 169.985877 	 48.331570 	 0.000000 	 0.735624 	 -0.129897 	 0.664819
182 	 162.827962 	 43.111462 	 0.000000 	 0.652955 	 -0.201774 	 0.730026
183 	 153.690957 	 38.191769 	 0.000000 	 0.554250 	 -0.274036 	 0.785946
184 	 142.312389 	 34.076861 	 0.000000 	 0.443400 	 -0.342546 	 0.828287
185 	 128.973447 	 31.270210 	 0.000000 	 0.326477 	 -0.403548 	 0.854729
186 	 114.810885 	 30.057722 	 0.000000 	 0.210178 	 -0.454641 	 0.865521
187 	 101.434070 	 30.341677 	 0.000000 	 0.100142 	 -0.495130 	 0.863028
188 	 95.935792 	 36.761177 	 0.000000 	 0.061891 	 -0.595272 	 0.801137
189 	 101.055598 	 42.640036 	 0.000000 	 0.129897 	 -0.664819 	 0.735624
190 	 105.450437 	 49.235252 	 0.000000 	 0.201774 	 -0.730026 	 0.652955
191 	 109.222177 	 56.340909 	 0.000000 	 0.274036 	 -0.785946 	 0.554250
192 	 112.467987 	 63.678969 	 0.000000 	 0.342546 	 -0.828287 	 0.443400
193 	 115.273681 	 70.944895 	 0.000000 	 0.403548 	 -0.854729 	 0.326477
194 	 117.712027 	 77.867201 	 0.000000 	 0.454641 	 -0.865521 	 0.210178
195 	 119.843423 	 84.252645 	 0.000000 	 0.495130 	 -0.863028 	 0.100142
196 	 84.064208 	 36.761177 	 0.000000 	 -0.061891 	 -0.595272 	 0.801137
197 	 78.944402 	 42.640036 	 0.000000 	 -0.129897 	 -0.664819 	 0.735624
198 	 74.549563 	 49.235252 	 0.000000 	 -0.201774 	 -0.730026 	 0.652955
199 	 70.777823 	 56.340909 	 0.000000 	 -0.274036 	 -0.785946 	 0.554250
200 	 67.532013 	 63.678969 	 0.000000 	 -0.342546 	 -0.828287 	 0.443400
201 	 64.726319 	 70.944895 	 0.000000 	 -0.403548 	 -0.854729 	 0.326477
202 	 62.287973 	 77.867201 	 0.000000 	 -0.454641 	 -0.865521 	 0.210178
203 	 60.156577 	 84.252645 	 0.000000 	 -0.495130 	 -0.863028 	 0.100142
204 	 78.565930 	 30.341677 	 0.000000 	 -0.100142 	 -0.495130 	 0.863028
205 	 65.189115 	 30.057722 	 0.000000 	 -0.210178 	 -0.454641 	 0.865521
206 	 51.026553 	 31.270210 	 0.000000 	 -0.326477 	 -0.403548 	 0.854729
207 	 37.687611 	 34.076861 	 0.000000 	 -0.443400 	 -0.342546 	 0.828287
208 	 26.309043 	 38.191769 	 0.000000 	 -0.554250 	 -0.274036 	 0.785946
209 	 17.172038 	 43.111462 	 0.000000 	 -0.652955 	 -0.201774 	 0.730026
210 	 10.014123 	 48.331570 	 0.000000 	 -0.735624 	 -0.129897 	 0.664819
211 	 4.417568 	 53.467969 	 0.000000 	 -0.801137 	 -0.061891 	 0.595272
212 	 6.618759 	 60.321681 	 0.000000 	 -0.863028 	 -0.100142 	 0.495130
213 	 13.649185 	 62.958188 	 0.000000 	 -0.865521 	 -0.210178 	 0.454641
214 	 20.905157 	 66.199817 	 0.000000 	 -0.854729 	 -0.326477 	 0.403548
215 	 28.161130 	 69.967964 	 0.000000 	 -0.828287 	 -0.443400 	 0.342546
216 	 35.191556 	 74.095402 	 0.000000 	 -0.785946 	 -0.554250 	 0.274036
217 	 41.810315 	 78.359277 	 0.000000 	 -0.730026 	 -0.652955 	 0.201774
218 	 47.894356 	 82.536342 	 0.000000 	 -0.664819 	 -0.735624 	 0.129897
219 	 53.386396 	 86.451625 	 0.000000 	 -0.595272 	 -0.801137 	 0.061891
220 	 6.618759 	 119.678319 	 0.000000 	 -0.863028 	 -0.100142 	 -0.495130
221 	 13.649185 	 117.041812 	 0.000000 	 -0.865521 	 -0.210178 	 -0.454641
222 	 20.905157 	 113.800183 	 0.000000 	 -0.854729 	 -0.326477 	 -0.403548
223 	 28.161130 	 110.032036 	 0.000000 	 -0.828287 	 -0.443400 	 -0.342546
224 	 35.191556 	 105.904598 	 0.000000 	 -0.785946 	 -0.554250 	 -0.274036
225 	 41.810315 	 101.640723 	 0.000000 	 -0.730026 	 -0.652955 	 -0.201774
226 	 47.894356 	 97.463658 	 0.000000 	 -0.664819 	 -0.735624 	 -0.129897
227 	 53.386396 	 93.548375 	 0.000000 	 -0.595272 	 -0.801137 	 -0.061891
228 	 78.565930 	 149.658323 	 0.000000 	 -0.100142 	 -0.495130 	 -0.863028
229 	 65.189115 	 149.942278 	 0.000000 	 -0.210178 	 -0.454641 	 -0.865521
230 	 51.026553 	 148.729790 	 0.000000 	 -0.326477 	 -0.403548 	 -0.854729
231 	 37.687611 	 145.923139 	 0.000000 	 -0.443400 	 -0.342546 	 -0.828287
232 	 26.309043 	 141.808231 	 0.000000 	 -0.554250 	 -0.274036 	 -0.785946
233 	 17.172038 	 136.888538 	 0.000000 	 -0.652955 	 -0.201774 	 -0.730026
234 	 10.014123 	 131.668430 	 0.000000 	 -0.735624 	 -0.129897 	 -0.664819
235 	 4.417568 	 126.532031 	 0.000000 	 -0.801137 	 -0.061891 	 -0.595272
236 	 270.000000 	 154.326727 	 0.000000 	 0.000000 	 0.433239 	 -0.901279
237 	 270.000000 	 161.049978 	 0.000000 	 0.000000 	 0.324743 	 -0.945802
238 	 270.000000 	 168.359277 	 0.000000 	 0.000000 	 0.201774 	 -0.979432
239 	 270.000000 	 176.071641 	 0.000000 	 0.000000 	 0.068509 	 -0.997650
240 	 90.000000 	 176.071641 	 0.000000 	 0.000000 	 -0.068509 	 -0.997650
241 	 90.000000 	 168.359277 	 0.000000 	 0.000000 	 -0.201774 	 -0.979432
242 	 90.000000 	 161.049978 	 0.000000 	 0.000000 	 -0.324743 	 -0.945802
243 	 90.000000 	 154.326727 	 0.000000 	 0.000000 	 -0.433239 	 -0.901279
244 	 270.000000 	 25.673273 	 0.000000 	 0.000000 	 0.433239 	 0.901279
245 	 270.000000 	 18.950022 	 0.000000 	 0.000000 	 0.324743 	 0.945802
246 	 270.000000 	 11.640723 	 0.000000 	 0.000000 	 0.201774 	 0.979432
247 	 270.000000 	 3.928359 	 0.000000 	 0.000000 	 0.068509 	 0.997650
248 	 90.000000 	 3.928359 	 0.000000 	 0.000000 	 -0.068509 	 0.997650
249 	 90.000000 	 11.640723 	 0.000000 	 0.000000 	 -0.201774 	 0.979432
250 	 90.000000 	 18.950022 	 0.000000 	 0.000000 	 -0.324743 	 0.945802
251 	 90.000000 	 25.673273 	 0.000000 	 0.000000 	 -0.433239 	 0.901279
252 	 293.281446 	 96.084041 	 0.000000 	 -0.393022 	 0.913401 	 -0.105987
253 	 286.005863 	 96.364320 	 0.000000 	 -0.274036 	 0.955310 	 -0.110850
254 	 290.566074 	 102.808908 	 0.000000 	 -0.342546 	 0.912969 	 -0.221700
255 	 278.162157 	 96.552298 	 0.000000 	 -0.141048 	 0.983404 	 -0.114110
256 	 282.686917 	 103.327968 	 0.000000 	 -0.213708 	 0.949309 	 -0.230525
257 	 287.471776 	 110.018908 	 0.000000 	 -0.282096 	 0.896232 	 -0.342330
258 	 270.000000 	 96.618759 	 0.000000 	 -0.000000 	 0.993335 	 -0.115262
259 	 274.291429 	 103.612343 	 0.000000 	 -0.072728 	 0.969185 	 -0.235351
260 	 278.943774 	 110.672586 	 0.000000 	 -0.145455 	 0.924237 	 -0.353027
261 	 283.935654 	 117.454851 	 0.000000 	 -0.213708 	 0.861256 	 -0.461050
262 	 261.837843 	 96.552298 	 0.000000 	 0.141048 	 0.983404 	 -0.114110
263 	 265.708571 	 103.612343 	 0.000000 	 0.072728 	 0.969185 	 -0.235351
264 	 270.000000 	 110.905157 	 0.000000 	 0.000000 	 0.934172 	 -0.356822
265 	 274.728276 	 118.079938 	 0.000000 	 -0.072728 	 0.879289 	 -0.470703
266 	 279.889297 	 124.788614 	 0.000000 	 -0.141048 	 0.809060 	 -0.570550
267 	 253.994137 	 96.364320 	 0.000000 	 0.274036 	 0.955310 	 -0.110850
268 	 257.313083 	 103.327968 	 0.000000 	 0.213708 	 0.949309 	 -0.230525
269 	 261.056226 	 110.672586 	 0.000000 	 0.145455 	 0.924237 	 -0.353027
270 	 265.271724 	 118.079938 	 0.000000 	 0.072728 	 0.879289 	 -0.470703
271 	 270.000000 	 125.191556 	 0.000000 	 0.000000 	 0.817230 	 -0.576312
272 	 275.263861 	 131.690023 	 0.000000 	 -0.068509 	 0.743605 	 -0.665100
273 	 246.718554 	 96.084041 	 0.000000 	 0.393022 	 0.913401 	 -0.105987
274 	 249.433926 	 102.808908 	 0.000000 	 0.342546 	 0.912969 	 -0.221700
275 	 252.528224 	 110.018908 	 0.000000 	 0.282096 	 0.896232 	 -0.342330
276 	 256.064346 	 117.454851 	 0.000000 	 0.213708 	 0.861256 	 -0.461050
277 	 260.110703 	 124.788614 	 0.000000 	 0.141048 	 0.809060 	 -0.570550
278 	 264.736139 	 131.690023 	 0.000000 	 0.068509 	 0.743605 	 -0.665100
279 	 270.000000 	 137.894356 	 0.000000 	 0.000000 	 0.670500 	 -0.741910
280 	 235.040226 	 99.874506 	 0.000000 	 0.564513 	 0.807413 	 -0.171491
281 	 229.221487 	 104.351402 	 0.000000 	 0.632755 	 0.733609 	 -0.247868
282 	 236.949646 	 106.870482 	 0.000000 	 0.521905 	 0.802119 	 -0.290209
283 	 222.690786 	 109.006886 	 0.000000 	 0.694950 	 0.641074 	 -0.325682
284 	 230.777071 	 111.900562 	 0.000000 	 0.586705 	 0.718784 	 -0.372997
285 	 239.173455 	 114.384253 	 0.000000 	 0.466730 	 0.782122 	 -0.412854
286 	 215.508825 	 113.591097 	 0.000000 	 0.745994 	 0.532286 	 -0.400207
287 	 223.737089 	 116.970669 	 0.000000 	 0.643938 	 0.616158 	 -0.453534
288 	 232.622632 	 119.899650 	 0.000000 	 0.526262 	 0.688886 	 -0.498482
289 	 241.787576 	 122.160012 	 0.000000 	 0.400207 	 0.745994 	 -0.532286
290 	 207.827962 	 117.822216 	 0.000000 	 0.782122 	 0.412854 	 -0.466730
291 	 215.889755 	 121.753234 	 0.000000 	 0.688886 	 0.498482 	 -0.526262
292 	 225.000000 	 125.264390 	 0.000000 	 0.577350 	 0.577350 	 -0.577350
293 	 234.842427 	 128.036125 	 0.000000 	 0.453534 	 0.643938 	 -0.616158
294 	 244.890296 	 129.871972 	 0.000000 	 0.325682 	 0.694950 	 -0.641074
295 	 199.890296 	 121.460099 	 0.000000 	 0.802119 	 0.290209 	 -0.521905
296 	 207.426046 	 125.923538 	 0.000000 	 0.718784 	 0.372997 	 -0.586705
297 	 216.355595 	 130.086072 	 0.000000 	 0.616158 	 0.453534 	 -0.643938
298 	 226.552833 	 133.541975 	 0.000000 	 0.498482 	 0.526262 	 -0.688886
299 	 237.553900 	 135.954178 	 0.000000 	 0.372997 	 0.586705 	 -0.718784
300 	 248.608290 	 137.189845 	 0.000000 	 0.247868 	 0.632755 	 -0.733609
301 	 191.991155 	 124.368451 	 0.000000 	 0.807413 	 0.171491 	 -0.564513
302 	 198.668823 	 129.253654 	 0.000000 	 0.733609 	 0.247868 	 -0.632755
303 	 206.931710 	 134.023213 	 0.000000 	 0.641074 	 0.325682 	 -0.694950
304 	 216.938207 	 138.244528 	 0.000000 	 0.532286 	 0.400207 	 -0.745994
305 	 228.505050 	 141.455284 	 0.000000 	 0.412854 	 0.466730 	 -0.782122
306 	 240.923407 	 143.332886 	 0.000000 	 0.290209 	 0.521905 	 -0.802119
307 	 253.101978 	 143.843982 	 0.000000 	 0.171491 	 0.564513 	 -0.807413
308 	 227.894356 	 90.000000 	 0.000000 	 0.670500 	 0.741910 	 0.000000
309 	 221.810315 	 86.071641 	 0.000000 	 0.743605 	 0.665100 	 0.068509
310 	 221.810315 	 93.928359 	 0.000000 	 0.743605 	 0.665100 	 -0.068509
311 	 215.191556 	 81.891517 	 0.000000 	 0.809060 	 0.570550 	 0.141048
312 	 215.191556 	 90.000000 	 0.000000 	 0.817230 	 0.576312 	 0.000000
313 	 215.191556 	 98.108483 	 0.000000 	 0.809060 	 0.570550 	 -0.141048
314 	 208.161130 	 77.660249 	 0.000000 	 0.861256 	 0.461050 	 0.213708
315 	 208.161130 	 85.829333 	 0.000000 	 0.879289 	 0.470703 	 0.072728
316 	 208.161130 	 94.170667 	 0.000000 	 0.879289 	 0.470703 	 -0.072728
317 	 208.161130 	 102.339751 	 0.000000 	 0.861256 	 0.461050 	 -0.213708
318 	 200.905157 	 73.614682 	 0.000000 	 0.896232 	 0.342330 	 0.282096
319 	 200.905157 	 81.636359 	 0.000000 	 0.924237 	 0.353027 	 0.145455
320 	 200.905157 	 90.000000 	 0.000000 	 0.934172 	 0.356822 	 0.000000
321 	 200.905157 	 98.363641 	 0.000000 	 0.924237 	 0.353027 	 -0.145455
322 	 200.905157 	 106.385318 	 0.000000 	 0.896232 	 0.342330 	 -0.282096
323 	 193.649185 	 69.967964 	 0.000000 	 0.912969 	 0.221700 	 0.342546
324 	 193.649185 	 77.660249 	 0.000000 	 0.949309 	 0.230525 	 0.213708
325 	 193.649185 	 85.829333 	 0.000000 	 0.969185 	 0.235351 	 0.072728
326 	 193.649185 	 94.170667 	 0.000000 	 0.969185 	 0.235351 	 -0.072728
327 	 193.649185 	 102.339751 	 0.000000 	 0.949309 	 0.230525 	 -0.213708
328 	 193.649185 	 110.032036 	 0.000000 	 0.912969 	 0.221700 	 -0.342546
329 	 186.618759 	 66.857342 	 0.000000 	 0.913401 	 0.105987 	 0.393022
330 	 186.618759 	 74.095402 	 0.000000 	 0.955310 	 0.110850 	 0.274036
331 	 186.618759 	 81.891517 	 0.000000 	 0.983404 	 0.114110 	 0.141048
332 	 186.618759 	 90.000000 	 0.000000 	 0.993335 	 0.115262 	 0.000000
333 	 186.618759 	 98.108483 	 0.000000 	 0.983404 	 0.114110 	 -0.141048
334 	 186.618759 	 105.904598 	 0.000000 	 0.955310 	 0.110850 	 -0.274036
335 	 186.618759 	 113.142658 	 0.000000 	 0.913401 	 0.105987 	 -0.393022
336 	 235.040226 	 80.125494 	 0.000000 	 0.564513 	 0.807413 	 0.171491
337 	 236.949646 	 73.129518 	 0.000000 	 0.521905 	 0.802119 	 0.290209
338 	 229.221487 	 75.648598 	 0.000000 	 0.632755 	 0.733609 	 0.247868
339 	 239.173455 	 65.615747 	 0.000000 	 0.466730 	 0.782122 	 0.412854
340 	 230.777071 	 68.099438 	 0.000000 	 0.586705 	 0.718784 	 0.372997
341 	 222.690786 	 70.993114 	 0.000000 	 0.694950 	 0.641074 	 0.325682
342 	 241.787576 	 57.839988 	 0.000000 	 0.400207 	 0.745994 	 0.532286
343 	 232.622632 	 60.100350 	 0.000000 	 0.526262 	 0.688886 	 0.498482
344 	 223.737089 	 63.029331 	 0.000000 	 0.643938 	 0.616158 	 0.453534
345 	 215.508825 	 66.408903 	 0.000000 	 0.745994 	 0.532286 	 0.400207
346 	 244.890296 	 50.128028 	 0.000000 	 0.325682 	 0.694950 	 0.641074
347 	 234.842427 	 51.963875 	 0.000000 	 0.453534 	 0.643938 	 0.616158
348 	 225.000000 	 54.735610 	 0.000000 	 0.577350 	 0.577350 	 0.577350
349 	 215.889755 	 58.246766 	 0.000000 	 0.688886 	 0.498482 	 0.526262
350 	 207.827962 	 62.177784 	 0.000000 	 0.782122 	 0.412854 	 0.466730
351 	 248.608290 	 42.810155 	 0.000000 	 0.247868 	 0.632755 	 0.733609
352 	 237.553900 	 44.045822 	 0.000000 	 0.372997 	 0.586705 	 0.718784
353 	 226.552833 	 46.458025 	 0.000000 	 0.498482 	 0.526262 	 0.688886
354 	 216.355595 	 49.913928 	 0.000000 	 0.616158 	 0.453534 	 0.643938
355 	 207.426046 	 54.076462 	 0.000000 	 0.718784 	 0.372997 	 0.586705
356 	 199.890296 	 58.539901 	 0.000000 	 0.802119 	 0.290209 	 0.521905
357 	 253.101978 	 36.156018 	 0.000000 	 0.171491 	 0.564513 	 0.807413
358 	 240.923407 	 36.667114 	 0.000000 	 0.290209 	 0.521905 	 0.802119
359 	 228.505050 	 38.544716 	 0.000000 	 0.412854 	 0.466730 	 0.782122
360 	 216.938207 	 41.755472 	 0.000000 	 0.532286 	 0.400207 	 0.745994
361 	 206.931710 	 45.976787 	 0.000000 	 0.641074 	 0.325682 	 0.694950
362 	 198.668823 	 50.746346 	 0.000000 	 0.733609 	 0.247868 	 0.632755
363 	 191.991155 	 55.631549 	 0.000000 	 0.807413 	 0.171491 	 0.564513
364 	 246.718554 	 83.915959 	 0.000000 	 0.393022 	 0.913401 	 0.105987
365 	 253.994137 	 83.635680 	 0.000000 	 0.274036 	 0.955310 	 0.110850
366 	 249.433926 	 77.191092 	 0.000000 	 0.342546 	 0.912969 	 0.221700
367 	 261.837843 	 83.447702 	 0.000000 	 0.141048 	 0.983404 	 0.114110
368 	 257.313083 	 76.672032 	 0.000000 	 0.213708 	 0.949309 	 0.230525
369 	 252.528224 	 69.981092 	 0.000000 	 0.282096 	 0.896232 	 0.342330
370 	 270.000000 	 83.381241 	 0.000000 	 0.000000 	 0.993335 	 0.115262
371 	 265.708571 	 76.387657 	 0.000000 	 0.072728 	 0.969185 	 0.235351
372 	 261.056226 	 69.327414 	 0.000000 	 0.145455 	 0.924237 	 0.353027
373 	 256.064346 	 62.545149 	 0.000000 	 0.213708 	 0.861256 	 0.461050
374 	 278.162157 	 83.447702 	 0.000000 	 -0.141048 	 0.983404 	 0.114110
375 	 274.291429 	 76.387657 	 0.000000 	 -0.072728 	 0.969185 	 0.235351
376 	 270.000000 	 69.094843 	 0.000000 	 -0.000000 	 0.934172 	 0.356822
377 	 265.271724 	 61.920062 	 0.000000 	 0.072728 	 0.879289 	 0.470703
378 	 260.110703 	 55.211386 	 0.000000 	 0.141048 	 0.809060 	 0.570550
379 	 286.005863 	 83.635680 	 0.000000 	 -0.274036 	 0.955310 	 0.110850
380 	 282.686917 	 76.672032 	 0.000000 	 -0.213708 	 0.949309 	 0.230525
381 	 278.943774 	 69.327414 	 0.000000 	 -0.145455 	 0.924237 	 0.353027
382 	 274.728276 	 61.920062 	 0.000000 	 -0.072728 	 0.879289 	 0.470703
383 	 270.000000 	 54.808444 	 0.000000 	 -0.000000 	 0.817230 	 0.576312
384 	 264.736139 	 48.309977 	 0.000000 	 0.068509 	 0.743605 	 0.665100
385 	 293.281446 	 83.915959 	 0.000000 	 -0.393022 	 0.913401 	 0.105987
386 	 290.566074 	 77.191092 	 0.000000 	 -0.342546 	 0.912969 	 0.221700
387 	 287.471776 	 69.981092 	 0.000000 	 -0.282096 	 0.896232 	 0.342330
388 	 283.935654 	 62.545149 	 0.000000 	 -0.213708 	 0.861256 	 0.461050
389 	 279.889297 	 55.211386 	 0.000000 	 -0.141048 	 0.809060 	 0.570550
390 	 275.263861 	 48.309977 	 0.000000 	 -0.068509 	 0.743605 	 0.665100
391 	 270.000000 	 42.105644 	 0.000000 	 -0.000000 	 0.670500 	 0.741910
392 	 286.898022 	 36.156018 	 0.000000 	 -0.171491 	 0.564513 	 0.807413
393 	 291.391710 	 42.810155 	 0.000000 	 -0.247868 	 0.632755 	 0.733609
394 	 299.076593 	 36.667114 	 0.000000 	 -0.290209 	 0.521905 	 0.802119
395 	 295.109704 	 50.128028 	 0.000000 	 -0.325682 	 0.694950 	 0.641074
396 	 302.446100 	 44.045822 	 0.000000 	 -0.372997 	 0.586705 	 0.718784
397 	 311.494950 	 38.544716 	 0.000000 	 -0.412854 	 0.466730 	 0.782122
398 	 298.212424 	 57.839988 	 0.000000 	 -0.400207 	 0.745994 	 0.532286
399 	 305.157573 	 51.963875 	 0.000000 	 -0.453534 	 0.643938 	 0.616158
400 	 313.447167 	 46.458025 	 0.000000 	 -0.498482 	 0.526262 	 0.688886
401 	 323.061793 	 41.755472 	 0.000000 	 -0.532286 	 0.400207 	 0.745994
402 	 300.826545 	 65.615747 	 0.000000 	 -0.466730 	 0.782122 	 0.412854
403 	 307.377368 	 60.100350 	 0.000000 	 -0.526262 	 0.688886 	 0.498482
404 	 315.000000 	 54.735610 	 0.000000 	 -0.577350 	 0.577350 	 0.577350
405 	 323.644405 	 49.913928 	 0.000000 	 -0.616158 	 0.453534 	 0.643938
406 	 333.068290 	 45.976787 	 0.000000 	 -0.641074 	 0.325682 	 0.694950
407 	 303.050354 	 73.129518 	 0.000000 	 -0.521905 	 0.802119 	 0.290209
408 	 309.222929 	 68.099438 	 0.000000 	 -0.586705 	 0.718784 	 0.372997
409 	 316.262911 	 63.029331 	 0.000000 	 -0.643938 	 0.616158 	 0.453534
410 	 324.110245 	 58.246766 	 0.000000 	 -0.688886 	 0.498482 	 0.526262
411 	 332.573954 	 54.076462 	 0.000000 	 -0.718784 	 0.372997 	 0.586705
412 	 341.331177 	 50.746346 	 0.000000 	 -0.733609 	 0.247868 	 0.632755
413 	 304.959774 	 80.125494 	 0.000000 	 -0.564513 	 0.807413 	 0.171491
414 	 310.778513 	 75.648598 	 0.000000 	 -0.632755 	 0.733609 	 0.247868
415 	 317.309214 	 70.993114 	 0.000000 	 -0.694950 	 0.641074 	 0.325682
416 	 324.491175 	 66.408903 	 0.000000 	 -0.745994 	 0.532286 	 0.400207
417 	 332.172038 	 62.177784 	 0.000000 	 -0.782122 	 0.412854 	 0.466730
418 	 340.109704 	 58.539901 	 0.000000 	 -0.802119 	 0.290209 	 0.521905
419 	 348.008845 	 55.631549 	 0.000000 	 -0.807413 	 0.171491 	 0.564513
420 	 353.381241 	 66.857342 	 0.000000 	 -0.913401 	 0.105987 	 0.393022
421 	 346.350815 	 69.967964 	 0.000000 	 -0.912969 	 0.221700 	 0.342546
422 	 353.381241 	 74.095402 	 0.000000 	 -0.955310 	 0.110850 	 0.274036
423 	 339.094843 	 73.614682 	 0.000000 	 -0.896232 	 0.342330 	 0.282096
424 	 346.350815 	 77.660249 	 0.000000 	 -0.949309 	 0.230525 	 0.213708
425 	 353.381241 	 81.891517 	 0.000000 	 -0.983404 	 0.114110 	 0.141048
426 	 331.838870 	 77.660249 	 0.000000 	 -0.861256 	 0.461050 	 0.213708
427 	 339.094843 	 81.636359 	 0.000000 	 -0.924237 	 0.353027 	 0.145455
428 	 346.350815 	 85.829333 	 0.000000 	 -0.969185 	 0.235351 	 0.072728
429 	 353.381241 	 90.000000 	 0.000000 	 -0.993335 	 0.115262 	 0.000000
430 	 324.808444 	 81.891517 	 0.000000 	 -0.809060 	 0.570550 	 0.141048
431 	 331.838870 	 85.829333 	 0.000000 	 -0.879289 	 0.470703 	 0.072728
432 	 339.094843 	 90.000000 	 0.000000 	 -0.934172 	 0.356822 	 -0.000000
433 	 346.350815 	 94.170667 	 0.000000 	 -0.969185 	 0.235351 	 -0.072728
434 	 353.381241 	 98.108483 	 0.000000 	 -0.983404 	 0.114110 	 -0.141048
435 	 318.189685 	 86.071641 	 0.000000 	 -0.743605 	 0.665100 	 0.068509
436 	 324.808444 	 90.000000 	 0.000000 	 -0.817230 	 0.576312 	 -0.000000
437 	 331.838870 	 94.170667 	 0.000000 	 -0.879289 	 0.470703 	 -0.072728
438 	 339.094843 	 98.363641 	 0.000000 	 -0.924237 	 0.353027 	 -0.145455
439 	 346.350815 	 102.339751 	 0.000000 	 -0.949309 	 0.230525 	 -0.213708
440 	 353.381241 	 105.904598 	 0.000000 	 -0.955310 	 0.110850 	 -0.274036
441 	 312.105644 	 90.000000 	 0.000000 	 -0.670500 	 0.741910 	 -0.000000
442 	 318.189685 	 93.928359 	 0.000000 	 -0.743605 	 0.665100 	 -0.068509
443 	 324.808444 	 98.108483 	 0.000000 	 -0.809060 	 0.570550 	 -0.141048
444 	 331.838870 	 102.339751 	 0.000000 	 -0.861256 	 0.461050 	 -0.213708
445 	 339.094843 	 106.385318 	 0.000000 	 -0.896232 	 0.342330 	 -0.282096
446 	 346.350815 	 110.032036 	 0.000000 	 -0.912969 	 0.221700 	 -0.342546
447 	 353.381241 	 113.142658 	 0.000000 	 -0.913401 	 0.105987 	 -0.393022
448 	 304.959774 	 99.874506 	 0.000000 	 -0.564513 	 0.807413 	 -0.171491
449 	 303.050354 	 106.870482 	 0.000000 	 -0.521905 	 0.802119 	 -0.290209
450 	 310.778513 	 104.351402 	 0.000000 	 -0.632755 	 0.733609 	 -0.247868
451 	 300.826545 	 114.384253 	 0.000000 	 -0.466730 	 0.782122 	 -0.412854
452 	 309.222929 	 111.900562 	 0.000000 	 -0.586705 	 0.718784 	 -0.372997
453 	 317.309214 	 109.006886 	 0.000000 	 -0.694950 	 0.641074 	 -0.325682
454 	 298.212424 	 122.160012 	 0.000000 	 -0.400207 	 0.745994 	 -0.532286
455 	 307.377368 	 119.899650 	 0.000000 	 -0.526262 	 0.688886 	 -0.498482
456 	 316.262911 	 116.970669 	 0.000000 	 -0.643938 	 0.616158 	 -0.453534
457 	 324.491175 	 113.591097 	 0.000000 	 -0.745994 	 0.532286 	 -0.400207
458 	 295.109704 	 129.871972 	 0.000000 	 -0.325682 	 0.694950 	 -0.641074
459 	 305.157573 	 128.036125 	 0.000000 	 -0.453534 	 0.643938 	 -0.616158
460 	 315.000000 	 125.264390 	 0.000000 	 -0.577350 	 0.577350 	 -0.577350
461 	 324.110245 	 121.753234 	 0.000000 	 -0.688886 	 0.498482 	 -0.526262
462 	 332.172038 	 117.822216 	 0.000000 	 -0.782122 	 0.412854 	 -0.466730
463 	 291.391710 	 137.189845 	 0.000000 	 -0.247868 	 0.632755 	 -0.733609
464 	 302.446100 	 135.954178 	 0.000000 	 -0.372997 	 0.586705 	 -0.718784
465 	 313.447167 	 133.541975 	 0.000000 	 -0.498482 	 0.526262 	 -0.688886
466 	 323.644405 	 130.086072 	 0.000000 	 -0.616158 	 0.453534 	 -0.643938
467 	 332.573954 	 125.923538 	 0.000000 	 -0.718784 	 0.372997 	 -0.586705
468 	 340.109704 	 121.460099 	 0.000000 	 -0.802119 	 0.290209 	 -0.521905
469 	 286.898022 	 143.843982 	 0.000000 	 -0.171491 	 0.564513 	 -0.807413
470 	 299.076593 	 143.332886 	 0.000000 	 -0.290209 	 0.521905 	 -0.802119
471 	 311.494950 	 141.455284 	 0.000000 	 -0.412854 	 0.466730 	 -0.782122
472 	 323.061793 	 138.244528 	 0.000000 	 -0.532286 	 0.400207 	 -0.745994
473 	 333.068290 	 134.023213 	 0.000000 	 -0.641074 	 0.325682 	 -0.694950
474 	 341.331177 	 129.253654 	 0.000000 	 -0.733609 	 0.247868 	 -0.632755
475 	 348.008845 	 124.368451 	 0.000000 	 -0.807413 	 0.171491 	 -0.564513
476 	 113.281446 	 96.084041 	 0.000000 	 0.393022 	 -0.913401 	 -0.105987
477 	 106.005863 	 96.364320 	 0.000000 	 0.274036 	 -0.955310 	 -0.110850
478 	 110.566074 	 102.808908 	 0.000000 	 0.342546 	 -0.912969 	 -0.221700
479 	 98.162157 	 96.552298 	 0.000000 	 0.141048 	 -0.983404 	 -0.114110
480 	 102.686917 	 103.327968 	 0.000000 	 0.213708 	 -0.949309 	 -0.230525
481 	 107.471776 	 110.018908 	 0.000000 	 0.282096 	 -0.896232 	 -0.342330
482 	 90.000000 	 96.618759 	 0.000000 	 0.000000 	 -0.993335 	 -0.115262
483 	 94.291429 	 103.612343 	 0.000000 	 0.072728 	 -0.969185 	 -0.235351
484 	 98.943774 	 110.672586 	 0.000000 	 0.145455 	 -0.924237 	 -0.353027
485 	 103.935654 	 117.454851 	 0.000000 	 0.213708 	 -0.861256 	 -0.461050
486 	 81.837843 	 96.552298 	 0.000000 	 -0.141048 	 -0.983404 	 -0.114110
487 	 85.708571 	 103.612343 	 0.000000 	 -0.072728 	 -0.969185 	 -0.235351
488 	 90.000000 	 110.905157 	 0.000000 	 -0.000000 	 -0.934172 	 -0.356822
489 	 94.728276 	 118.079938 	 0.000000 	 0.072728 	 -0.879289 	 -0.470703
490 	 99.889297 	 124.788614 	 0.000000 	 0.141048 	 -0.809060 	 -0.570550
491 	 73.994137 	 96.364320 	 0.000000 	 -0.274036 	 -0.955310 	 -0.110850
492 	 77.313083 	 103.327968 	 0.000000 	 -0.213708 	 -0.949309 	 -0.230525
493 	 81.056226 	 110.672586 	 0.000000 	 -0.145455 	 -0.924237 	 -0.353027
494 	 85.271724 	 118.079938 	 0.000000 	 -0.072728 	 -0.879289 	 -0.470703
495 	 90.000000 	 125.191556 	 0.000000 	 -0.000000 	 -0.817230 	 -0.576312
496 	 95.263861 	 131.690023 	 0.000000 	 0.068509 	 -0.743605 	 -0.665100
497 	 66.718554 	 96.084041 	 0.000000 	 -0.393022 	 -0.913401 	 -0.105987
498 	 69.433926 	 102.808908 	 0.000000 	 -0.342546 	 -0.912969 	 -0.221700
499 	 72.528224 	 110.018908 	 0.000000 	 -0.282096 	 -0.896232 	 -0.342330
500 	 76.064346 	 117.454851 	 0.000000 	 -0.213708 	 -0.861256 	 -0.461050
501 	 80.110703 	 124.788614 	 0.000000 	 -0.141048 	 -0.809060 	 -0.570550
502 	 84.736139 	 131.690023 	 0.000000 	 -0.068509 	 -0.743605 	 -0.665100
503 	 90.000000 	 137.894356 	 0.000000 	 -0.000000 	 -0.670500 	 -0.741910
504 	 168.008845 	 124.368451 	 0.000000 	 0.807413 	 -0.171491 	 -0.564513
505 	 160.109704 	 121.460099 	 0.000000 	 0.802119 	 -0.290209 	 -0.521905
506 	 161.331177 	 129.253654 	 0.000000 	 0.733609 	 -0.247868 	 -0.632755
507 	 152.172038 	 117.822216 	 0.000000 	 0.782122 	 -0.412854 	 -0.466730
508 	 152.573954 	 125.923538 	 0.000000 	 0.718784 	 -0.372997 	 -0.586705
509 	 153.068290 	 134.023213 	 0.000000 	 0.641074 	 -0.325682 	 -0.694950
510 	 144.491175 	 113.591097 	 0.000000 	 0.745994 	 -0.532286 	 -0.400207
511 	 144.110245 	 121.753234 	 0.000000 	 0.688886 	 -0.498482 	 -0.526262
512 	 143.644405 	 130.086072 	 0.000000 	 0.616158 	 -0.453534 	 -0.643938
513 	 143.061793 	 138.244528 	 0.000000 	 0.532286 	 -0.400207 	 -0.745994
514 	 137.309214 	 109.006886 	 0.000000 	 0.694950 	 -0.641074 	 -0.325682
515 	 136.262911 	 116.970669 	 0.000000 	 0.643938 	 -0.616158 	 -0.453534
516 	 135.000000 	 125.264390 	 0.000000 	 0.577350 	 -0.577350 	 -0.577350
517 	 133.447167 	 133.541975 	 0.000000 	 0.498482 	 -0.526262 	 -0.688886
518 	 131.494950 	 141.455284 	 0.000000 	 0.412854 	 -0.466730 	 -0.782122
519 	 130.778513 	 104.351402 	 0.000000 	 0.632755 	 -0.733609 	 -0.247868
520 	 129.222929 	 111.900562 	 0.000000 	 0.586705 	 -0.718784 	 -0.372997
521 	 127.377368 	 119.899650 	 0.000000 	 0.526262 	 -0.688886 	 -0.498482
522 	 125.157573 	 128.036125 	 0.000000 	 0.453534 	 -0.643938 	 -0.616158
523 	 122.446100 	 135.954178 	 0.000000 	 0.372997 	 -0.586705 	 -0.718784
524 	 119.076593 	 143.332886 	 0.000000 	 0.290209 	 -0.521905 	 -0.802119
525 	 124.959774 	 99.874506 	 0.000000 	 0.564513 	 -0.807413 	 -0.171491
526 	 123.050354 	 106.870482 	 0.000000 	 0.521905 	 -0.802119 	 -0.290209
527 	 120.826545 	 114.384253 	 0.000000 	 0.466730 	 -0.782122 	 -0.412854
528 	 118.212424 	 122.160012 	 0.000000 	 0.400207 	 -0.745994 	 -0.532286
529 	 115.109704 	 129.871972 	 0.000000 	 0.325682 	 -0.694950 	 -0.641074
530 	 111.391710 	 137.189845 	 0.000000 	 0.247868 	 -0.632755 	 -0.733609
531 	 106.898022 	 143.843982 	 0.000000 	 0.171491 	 -0.564513 	 -0.807413
532 	 173.381241 	 113.142658 	 0.000000 	 0.913401 	 -0.105987 	 -0.393022
533 	 173.381241 	 105.904598 	 0.000000 	 0.955310 	 -0.110850 	 -0.274036
534 	 166.350815 	 110.032036 	 0.000000 	 0.912969 	 -0.221700 	 -0.342546
535 	 173.381241 	 98.108483 	 0.000000 	 0.983404 	 -0.114110 	 -0.141048
536 	 166.350815 	 102.339751 	 0.000000 	 0.949309 	 -0.230525 	 -0.213708
537 	 159.094843 	 106.385318 	 0.000000 	 0.896232 	 -0.342330 	 -0.282096
538 	 173.381241 	 90.000000 	 0.000000 	 0.993335 	 -0.115262 	 -0.000000
539 	 166.350815 	 94.170667 	 0.000000 	 0.969185 	 -0.235351 	 -0.072728
540 	 159.094843 	 98.363641 	 0.000000 	 0.924237 	 -0.353027 	 -0.145455
541 	 151.838870 	 102.339751 	 0.000000 	 0.861256 	 -0.461050 	 -0.213708
542 	 173.381241 	 81.891517 	 0.000000 	 0.983404 	 -0.114110 	 0.141048
543 	 166.350815 	 85.829333 	 0.000000 	 0.969185 	 -0.235351 	 0.072728
544 	 159.094843 	 90.000000 	 0.000000 	 0.934172 	 -0.356822 	 0.000000
545 	 151.838870 	 94.170667 	 0.000000 	 0.879289 	 -0.470703 	 -0.072728
546 	 144.808444 	 98.108483 	 0.000000 	 0.809060 	 -0.570550 	 -0.141048
547 	 173.381241 	 74.095402 	 0.000000 	 0.955310 	 -0.110850 	 0.274036
548 	 166.350815 	 77.660249 	 0.000000 	 0.949309 	 -0.230525 	 0.213708
549 	 159.094843 	 81.636359 	 0.000000 	 0.924237 	 -0.353027 	 0.145455
550 	 151.838870 	 85.829333 	 0.000000 	 0.879289 	 -0.470703 	 0.072728
551 	 144.808444 	 90.000000 	 0.000000 	 0.817230 	 -0.576312 	 0.000000
552 	 138.189685 	 93.928359 	 0.000000 	 0.743605 	 -0.665100 	 -0.068509
553 	 173.381241 	 66.857342 	 0.000000 	 0.913401 	 -0.105987 	 0.393022
554 	 166.350815 	 69.967964 	 0.000000 	 0.912969 	 -0.221700 	 0.342546
555 	 159.094843 	 73.614682 	 0.000000 	 0.896232 	 -0.342330 	 0.282096
556 	 151.838870 	 77.660249 	 0.000000 	 0.861256 	 -0.461050 	 0.213708
557 	 144.808444 	 81.891517 	 0.000000 	 0.809060 	 -0.570550 	 0.141048
558 	 138.189685 	 86.071641 	 0.000000 	 0.743605 	 -0.665100 	 0.068509
559 	 132.105644 	 90.000000 	 0.000000 	 0.670500 	 -0.741910 	 0.000000
560 	 168.008845 	 55.631549 	 0.000000 	 0.807413 	 -0.171491 	 0.564513
561 	 161.331177 	 50.746346 	 0.000000 	 0.733609 	 -0.247868 	 0.632755
562 	 160.109704 	 58.539901 	 0.000000 	 0.802119 	 -0.290209 	 0.521905
563 	 153.068290 	 45.976787 	 0.000000 	 0.641074 	 -0.325682 	 0.694950
564 	 152.573954 	 54.076462 	 0.000000 	 0.718784 	 -0.372997 	 0.586705
565 	 152.172038 	 62.177784 	 0.000000 	 0.782122 	 -0.412854 	 0.466730
566 	 143.061793 	 41.755472 	 0.000000 	 0.532286 	 -0.400207 	 0.745994
567 	 143.644405 	 49.913928 	 0.000000 	 0.616158 	 -0.453534 	 0.643938
568 	 144.110245 	 58.246766 	 0.000000 	 0.688886 	 -0.498482 	 0.526262
569 	 144.491175 	 66.408903 	 0.000000 	 0.745994 	 -0.532286 	 0.400207
570 	 131.494950 	 38.544716 	 0.000000 	 0.412854 	 -0.466730 	 0.782122
571 	 133.447167 	 46.458025 	 0.000000 	 0.498482 	 -0.526262 	 0.688886
572 	 135.000000 	 54.735610 	 0.000000 	 0.577350 	 -0.577350 	 0.577350
573 	 136.262911 	 63.029331 	 0.000000 	 0.643938 	 -0.616158 	 0.453534
574 	 137.309214 	 70.993114 	 0.000000 	 0.694950 	 -0.641074 	 0.325682
575 	 119.076593 	 36.667114 	 0.000000 	 0.290209 	 -0.521905 	 0.802119
576 	 122.446100 	 44.045822 	 0.000000 	 0.372997 	 -0.586705 	 0.718784
577 	 125.157573 	 51.963875 	 0.000000 	 0.453534 	 -0.643938 	 0.616158
578 	 127.377368 	 60.100350 	 0.000000 	 0.526262 	 -0.688886 	 0.498482
579 	 129.222929 	 68.099438 	 0.000000 	 0.586705 	 -0.718784 	 0.372997
580 	 130.778513 	 75.648598 	 0.000000 	 0.632755 	 -0.733609 	 0.247868
581 	 106.898022 	 36.156018 	 0.000000 	 0.171491 	 -0.564513 	 0.807413
582 	 111.391710 	 42.810155 	 0.000000 	 0.247868 	 -0.632755 	 0.733609
583 	 115.109704 	 50.128028 	 0.000000 	 0.325682 	 -0.694950 	 0.641074
584 	 118.212424 	 57.839988 	 0.000000 	 0.400207 	 -0.745994 	 0.532286
585 	 120.826545 	 65.615747 	 0.000000 	 0.466730 	 -0.782122 	 0.412854
586 	 123.050354 	 73.129518 	 0.000000 	 0.521905 	 -0.802119 	 0.290209
587 	 124.959774 	 80.125494 	 0.000000 	 0.564513 	 -0.807413 	 0.171491
588 	 90.000000 	 42.105644 	 0.000000 	 0.000000 	 -0.670500 	 0.741910
589 	 84.736139 	 48.309977 	 0.000000 	 -0.068509 	 -0.743605 	 0.665100
590 	 95.263861 	 48.309977 	 0.000000 	 0.068509 	 -0.743605 	 0.665100
591 	 80.110703 	 55.211386 	 0.000000 	 -0.141048 	 -0.809060 	 0.570550
592 	 90.000000 	 54.808444 	 0.000000 	 0.000000 	 -0.817230 	 0.576312
593 	 99.889297 	 55.211386 	 0.000000 	 0.141048 	 -0.809060 	 0.570550
594 	 76.064346 	 62.545149 	 0.000000 	 -0.213708 	 -0.861256 	 0.461050
595 	 85.271724 	 61.920062 	 0.000000 	 -0.072728 	 -0.879289 	 0.470703
596 	 94.728276 	 61.920062 	 0.000000 	 0.072728 	 -0.879289 	 0.470703
597 	 103.935654 	 62.545149 	 0.000000 	 0.213708 	 -0.861256 	 0.461050
598 	 72.528224 	 69.981092 	 0.000000 	 -0.282096 	 -0.896232 	 0.342330
599 	 81.056226 	 69.327414 	 0.000000 	 -0.145455 	 -0.924237 	 0.353027
600 	 90.000000 	 69.094843 	 0.000000 	 0.000000 	 -0.934172 	 0.356822
601 	 98.943774 	 69.327414 	 0.000000 	 0.145455 	 -0.924237 	 0.353027
602 	 107.471776 	 69.981092 	 0.000000 	 0.282096 	 -0.896232 	 0.342330
603 	 69.433926 	 77.191092 	 0.000000 	 -0.342546 	 -0.912969 	 0.221700
604 	 77.313083 	 76.672032 	 0.000000 	 -0.213708 	 -0.949309 	 0.230525
605 	 85.708571 	 76.387657 	 0.000000 	 -0.072728 	 -0.969185 	 0.235351
606 	 94.291429 	 76.387657 	 0.000000 	 0.072728 	 -0.969185 	 0.235351
607 	 102.686917 	 76.672032 	 0.000000 	 0.213708 	 -0.949309 	 0.230525
608 	 110.566074 	 77.191092 	 0.000000 	 0.342546 	 -0.912969 	 0.221700
609 	 66.718554 	 83.915959 	 0.000000 	 -0.393022 	 -0.913401 	 0.105987
610 	 73.994137 	 83.635680 	 0.000000 	 -0.274036 	 -0.955310 	 0.110850
611 	 81.837843 	 83.447702 	 0.000000 	 -0.141048 	 -0.983404 	 0.114110
612 	 90.000000 	 83.381241 	 0.000000 	 -0.000000 	 -0.993335 	 0.115262
613 	 98.162157 	 83.447702 	 0.000000 	 0.141048 	 -0.983404 	 0.114110
614 	 106.005863 	 83.635680 	 0.000000 	 0.274036 	 -0.955310 	 0.110850
615 	 113.281446 	 83.915959 	 0.000000 	 0.393022 	 -0.913401 	 0.105987
616 	 73.101978 	 36.156018 	 0.000000 	 -0.171491 	 -0.564513 	 0.807413
617 	 60.923407 	 36.667114 	 0.000000 	 -0.290209 	 -0.521905 	 0.802119
618 	 68.608290 	 42.810155 	 0.000000 	 -0.247868 	 -0.632755 	 0.733609
619 	 48.505050 	 38.544716 	 0.000000 	 -0.412854 	 -0.466730 	 0.782122
620 	 57.553900 	 44.045822 	 0.000000 	 -0.372997 	 -0.586705 	 0.718784
621 	 64.890296 	 50.128028 	 0.000000 	 -0.325682 	 -0.694950 	 0.641074
622 	 36.938207 	 41.755472 	 0.000000 	 -0.532286 	 -0.400207 	 0.745994
623 	 46.552833 	 46.458025 	 0.000000 	 -0.498482 	 -0.526262 	 0.688886
624 	 54.842427 	 51.963875 	 0.000000 	 -0.453534 	 -0.643938 	 0.616158
625 	 61.787576 	 57.839988 	 0.000000 	 -0.400207 	 -0.745994 	 0.532286
626 	 26.931710 	 45.976787 	 0.000000 	 -0.641074 	 -0.325682 	 0.694950
627 	 36.355595 	 49.913928 	 0.000000 	 -0.616158 	 -0.453534 	 0.643938
628 	 45.000000 	 54.735610 	 0.000000 	 -0.577350 	 -0.577350 	 0.577350
629 	 52.622632 	 60.100350 	 0.000000 	 -0.526262 	 -0.688886 	 0.498482
630 	 59.173455 	 65.615747 	 0.000000 	 -0.466730 	 -0.782122 	 0.412854
631 	 18.668823 	 50.746346 	 0.000000 	 -0.733609 	 -0.247868 	 0.632755
632 	 27.426046 	 54.076462 	 0.000000 	 -0.718784 	 -0.372997 	 0.586705
633 	 35.889755 	 58.246766 	 0.000000 	 -0.688886 	 -0.498482 	 0.526262
634 	 43.737089 	 63.029331 	 0.000000 	 -0.643938 	 -0.616158 	 0.453534
635 	 50.777071 	 68.099438 	 0.000000 	 -0.586705 	 -0.718784 	 0.372997
636 	 56.949646 	 73.129518 	 0.000000 	 -0.521905 	 -0.802119 	 0.290209
637 	 11.991155 	 55.631549 	 0.000000 	 -0.807413 	 -0.171491 	 0.564513
638 	 19.890296 	 58.539901 	 0.000000 	 -0.802119 	 -0.290209 	 0.521905
639 	 27.827962 	 62.177784 	 0.000000 	 -0.782122 	 -0.412854 	 0.466730
640 	 35.508825 	 66.408903 	 0.000000 	 -0.745994 	 -0.532286 	 0.400207
641 	 42.690786 	 70.993114 	 0.000000 	 -0.694950 	 -0.641074 	 0.325682
642 	 49.221487 	 75.648598 	 0.000000 	 -0.632755 	 -0.733609 	 0.247868
643 	 55.040226 	 80.125494 	 0.000000 	 -0.564513 	 -0.807413 	 0.171491
644 	 6.618759 	 66.857342 	 0.000000 	 -0.913401 	 -0.105987 	 0.393022
645 	 6.618759 	 74.095402 	 0.000000 	 -0.955310 	 -0.110850 	 0.274036
646 	 13.649185 	 69.967964 	 0.000000 	 -0.912969 	 -0.221700 	 0.342546
647 	 6.618759 	 81.891517 	 0.000000 	 -0.983404 	 -0.114110 	 0.141048
648 	 13.649185 	 77.660249 	 0.000000 	 -0.949309 	 -0.230525 	 0.213708
649 	 20.905157 	 73.614682 	 0.000000 	 -0.896232 	 -0.342330 	 0.282096
650 	 6.618759 	 90.000000 	 0.000000 	 -0.993335 	 -0.115262 	 0.000000
651 	 13.649185 	 85.829333 	 0.000000 	 -0.969185 	 -0.235351 	 0.072728
652 	 20.905157 	 81.636359 	 0.000000 	 -0.924237 	 -0.353027 	 0.145455
653 	 28.161130 	 77.660249 	 0.000000 	 -0.861256 	 -0.461050 	 0.213708
654 	 6.618759 	 98.108483 	 0.000000 	 -0.983404 	 -0.114110 	 -0.141048
655 	 13.649185 	 94.170667 	 0.000000 	 -0.969185 	 -0.235351 	 -0.072728
656 	 20.905157 	 90.000000 	 0.000000 	 -0.934172 	 -0.356822 	 -0.000000
657 	 28.161130 	 85.829333 	 0.000000 	 -0.879289 	 -0.470703 	 0.072728
658 	 35.191556 	 81.891517 	 0.000000 	 -0.809060 	 -0.570550 	 0.141048
659 	 6.618759 	 105.904598 	 0.000000 	 -0.955310 	 -0.110850 	 -0.274036
660 	 13.649185 	 102.339751 	 0.000000 	 -0.949309 	 -0.230525 	 -0.213708
661 	 20.905157 	 98.363641 	 0.000000 	 -0.924237 	 -0.353027 	 -0.145455
662 	 28.161130 	 94.170667 	 0.000000 	 -0.879289 	 -0.470703 	 -0.072728
663 	 35.191556 	 90.000000 	 0.000000 	 -0.817230 	 -0.576312 	 -0.000000
664 	 41.810315 	 86.071641 	 0.000000 	 -0.743605 	 -0.665100 	 0.068509
665 	 6.618759 	 113.142658 	 0.000000 	 -0.913401 	 -0.105987 	 -0.393022
666 	 13.649185 	 110.032036 	 0.000000 	 -0.912969 	 -0.221700 	 -0.342546
667 	 20.905157 	 106.385318 	 0.000000 	 -0.896232 	 -0.342330 	 -0.282096
668 	 28.161130 	 102.339751 	 0.000000 	 -0.861256 	 -0.461050 	 -0.213708
669 	 35.191556 	 98.108483 	 0.000000 	 -0.809060 	 -0.570550 	 -0.141048
670 	 41.810315 	 93.928359 	 0.000000 	 -0.743605 	 -0.665100 	 -0.068509
671 	 47.894356 	 90.000000 	 0.000000 	 -0.670500 	 -0.741910 	 -0.000000
672 	 11.991155 	 124.368451 	 0.000000 	 -0.807413 	 -0.171491 	 -0.564513
673 	 18.668823 	 129.253654 	 0.000000 	 -0.733609 	 -0.247868 	 -0.632755
674 	 19.890296 	 121.460099 	 0.000000 	 -0.802119 	 -0.290209 	 -0.521905
675 	 26.931710 	 134.023213 	 0.000000 	 -0.641074 	 -0.325682 	 -0.694950
676 	 27.426046 	 125.923538 	 0.000000 	 -0.718784 	 -0.372997 	 -0.586705
677 	 27.827962 	 117.822216 	 0.000000 	 -0.782122 	 -0.412854 	 -0.466730
678 	 36.938207 	 138.244528 	 0.000000 	 -0.532286 	 -0.400207 	 -0.745994
679 	 36.355595 	 130.086072 	 0.000000 	 -0.616158 	 -0.453534 	 -0.643938
680 	 35.889755 	 121.753234 	 0.000000 	 -0.688886 	 -0.498482 	 -0.526262
681 	 35.508825 	 113.591097 	 0.000000 	 -0.745994 	 -0.532286 	 -0.400207
682 	 48.505050 	 141.455284 	 0.000000 	 -0.412854 	 -0.466730 	 -0.782122
683 	 46.552833 	 133.541975 	 0.000000 	 -0.498482 	 -0.526262 	 -0.688886
684 	 45.000000 	 125.264390 	 0.000000 	 -0.577350 	 -0.577350 	 -0.577350
685 	 43.737089 	 116.970669 	 0.000000 	 -0.643938 	 -0.616158 	 -0.453534
686 	 42.690786 	 109.006886 	 0.000000 	 -0.694950 	 -0.641074 	 -0.325682
687 	 60.923407 	 143.332886 	 0.000000 	 -0.290209 	 -0.521905 	 -0.802119
688 	 57.553900 	 135.954178 	 0.000000 	 -0.372997 	 -0.586705 	 -0.718784
689 	 54.842427 	 128.036125 	 0.000000 	 -0.453534 	 -0.643938 	 -0.616158
690 	 52.622632 	 119.899650 	 0.000000 	 -0.526262 	 -0.688886 	 -0.498482
691 	 50.777071 	 111.900562 	 0.000000 	 -0.586705 	 -0.718784 	 -0.372997
692 	 49.221487 	 104.351402 	 0.000000 	 -0.632755 	 -0.733609 	 -0.247868
693 	 73.101978 	 143.843982 	 0.000000 	 -0.171491 	 -0.564513 	 -0.807413
694 	 68.608290 	 137.189845 	 0.000000 	 -0.247868 	 -0.632755 	 -0.733609
695 	 64.890296 	 129.871972 	 0.000000 	 -0.325682 	 -0.694950 	 -0.641074
696 	 61.787576 	 122.160012 	 0.000000 	 -0.400207 	 -0.745994 	 -0.532286
697 	 59.173455 	 114.384253 	 0.000000 	 -0.466730 	 -0.782122 	 -0.412854
698 	 56.949646 	 106.870482 	 0.000000 	 -0.521905 	 -0.802119 	 -0.290209
699 	 55.040226 	 99.874506 	 0.000000 	 -0.564513 	 -0.807413 	 -0.171491
700 	 74.907925 	 155.979596 	 0.000000 	 -0.105987 	 -0.393022 	 -0.913401
701 	 57.088507 	 155.918867 	 0.000000 	 -0.221700 	 -0.342546 	 -0.912969
702 	 67.976249 	 162.806042 	 0.000000 	 -0.110850 	 -0.274036 	 -0.955310
703 	 39.490069 	 153.667138 	 0.000000 	 -0.342330 	 -0.282096 	 -0.896232
704 	 42.832089 	 161.678716 	 0.000000 	 -0.230525 	 -0.213708 	 -0.949309
705 	 51.026553 	 169.547137 	 0.000000 	 -0.114110 	 -0.141048 	 -0.983404
706 	 24.868925 	 149.457917 	 0.000000 	 -0.461050 	 -0.213708 	 -0.861256
707 	 22.392771 	 157.553623 	 0.000000 	 -0.353027 	 -0.145455 	 -0.924237
708 	 17.172038 	 165.739415 	 0.000000 	 -0.235351 	 -0.072728 	 -0.969185
709 	 360.000000 	 173.381241 	 0.000000 	 -0.115262 	 0.000000 	 -0.993335
710 	 13.885887 	 144.004175 	 0.000000 	 -0.570550 	 -0.141048 	 -0.809060
711 	 8.783231 	 151.556732 	 0.000000 	 -0.470703 	 -0.072728 	 -0.879289
712 	 360.000000 	 159.094843 	 0.000000 	 -0.356822 	 0.000000 	 -0.934172
713 	 342.827962 	 165.739415 	 0.000000 	 -0.235351 	 0.072728 	 -0.969185
714 	 308.973447 	 169.547137 	 0.000000 	 -0.114110 	 0.141048 	 -0.983404
715 	 5.881049 	 138.039399 	 0.000000 	 -0.665100 	 -0.068509 	 -0.743605
716 	 360.000000 	 144.808444 	 0.000000 	 -0.576312 	 0.000000 	 -0.817230
717 	 351.216769 	 151.556732 	 0.000000 	 -0.470703 	 0.072728 	 -0.879289
718 	 337.607229 	 157.553623 	 0.000000 	 -0.353027 	 0.145455 	 -0.924237
719 	 317.167911 	 161.678716 	 0.000000 	 -0.230525 	 0.213708 	 -0.949309
720 	 292.023751 	 162.806042 	 0.000000 	 -0.110850 	 0.274036 	 -0.955310
721 	 360.000000 	 132.105644 	 0.000000 	 -0.741910 	 0.000000 	 -0.670500
722 	 354.118951 	 138.039399 	 0.000000 	 -0.665100 	 0.068509 	 -0.743605
723 	 346.114113 	 144.004175 	 0.000000 	 -0.570550 	 0.141048 	 -0.809060
724 	 335.131075 	 149.457917 	 0.000000 	 -0.461050 	 0.213708 	 -0.861256
725 	 320.509931 	 153.667138 	 0.000000 	 -0.342330 	 0.282096 	 -0.896232
726 	 302.911493 	 155.918867 	 0.000000 	 -0.221700 	 0.342546 	 -0.912969
727 	 285.092075 	 155.979596 	 0.000000 	 -0.105987 	 0.393022 	 -0.913401
728 	 180.000000 	 132.105644 	 0.000000 	 0.741910 	 0.000000 	 -0.670500
729 	 174.118951 	 138.039399 	 0.000000 	 0.665100 	 -0.068509 	 -0.743605
730 	 185.881049 	 138.039399 	 0.000000 	 0.665100 	 0.068509 	 -0.743605
731 	 166.114113 	 144.004175 	 0.000000 	 0.570550 	 -0.141048 	 -0.809060
732 	 180.000000 	 144.808444 	 0.000000 	 0.576312 	 0.000000 	 -0.817230
733 	 193.885887 	 144.004175 	 0.000000 	 0.570550 	 0.141048 	 -0.809060
734 	 155.131075 	 149.457917 	 0.000000 	 0.461050 	 -0.213708 	 -0.861256
735 	 171.216769 	 151.556732 	 0.000000 	 0.470703 	 -0.072728 	 -0.879289
736 	 188.783231 	 151.556732 	 0.000000 	 0.470703 	 0.072728 	 -0.879289
737 	 204.868925 	 149.457917 	 0.000000 	 0.461050 	 0.213708 	 -0.861256
738 	 140.509931 	 153.667138 	 0.000000 	 0.342330 	 -0.282096 	 -0.896232
739 	 157.607229 	 157.553623 	 0.000000 	 0.353027 	 -0.145455 	 -0.924237
740 	 180.000000 	 159.094843 	 0.000000 	 0.356822 	 0.000000 	 -0.934172
741 	 202.392771 	 157.553623 	 0.000000 	 0.353027 	 0.145455 	 -0.924237
742 	 219.490069 	 153.667138 	 0.000000 	 0.342330 	 0.282096 	 -0.896232
743 	 122.911493 	 155.918867 	 0.000000 	 0.221700 	 -0.342546 	 -0.912969
744 	 137.167911 	 161.678716 	 0.000000 	 0.230525 	 -0.213708 	 -0.949309
745 	 162.827962 	 165.739415 	 0.000000 	 0.235351 	 -0.072728 	 -0.969185
746 	 197.172038 	 165.739415 	 0.000000 	 0.235351 	 0.072728 	 -0.969185
747 	 222.832089 	 161.678716 	 0.000000 	 0.230525 	 0.213708 	 -0.949309
748 	 237.088507 	 155.918867 	 0.000000 	 0.221700 	 0.342546 	 -0.912969
749 	 105.092075 	 155.979596 	 0.000000 	 0.105987 	 -0.393022 	 -0.913401
750 	 112.023751 	 162.806042 	 0.000000 	 0.110850 	 -0.274036 	 -0.955310
751 	 128.973447 	 169.547137 	 0.000000 	 0.114110 	 -0.141048 	 -0.983404
752 	 180.000000 	 173.381241 	 0.000000 	 0.115262 	 -0.000000 	 -0.993335
753 	 231.026553 	 169.547137 	 0.000000 	 0.114110 	 0.141048 	 -0.983404
754 	 247.976249 	 162.806042 	 0.000000 	 0.110850 	 0.274036 	 -0.955310
755 	 254.907925 	 155.979596 	 0.000000 	 0.105987 	 0.393022 	 -0.913401
756 	 254.907925 	 24.020404 	 0.000000 	 0.105987 	 0.393022 	 0.913401
757 	 247.976249 	 17.193958 	 0.000000 	 0.110850 	 0.274036 	 0.955310
758 	 237.088507 	 24.081133 	 0.000000 	 0.221700 	 0.342546 	 0.912969
759 	 231.026553 	 10.452863 	 0.000000 	 0.114110 	 0.141048 	 0.983404
760 	 222.832089 	 18.321284 	 0.000000 	 0.230525 	 0.213708 	 0.949309
761 	 219.490069 	 26.332862 	 0.000000 	 0.342330 	 0.282096 	 0.896232
762 	 180.000000 	 6.618759 	 0.000000 	 0.115262 	 0.000000 	 0.993335
763 	 197.172038 	 14.260585 	 0.000000 	 0.235351 	 0.072728 	 0.969185
764 	 202.392771 	 22.446377 	 0.000000 	 0.353027 	 0.145455 	 0.924237
765 	 204.868925 	 30.542083 	 0.000000 	 0.461050 	 0.213708 	 0.861256
766 	 128.973447 	 10.452863 	 0.000000 	 0.114110 	 -0.141048 	 0.983404
767 	 162.827962 	 14.260585 	 0.000000 	 0.235351 	 -0.072728 	 0.969185
768 	 180.000000 	 20.905157 	 0.000000 	 0.356822 	 -0.000000 	 0.934172
769 	 188.783231 	 28.443268 	 0.000000 	 0.470703 	 0.072728 	 0.879289
770 	 193.885887 	 35.995825 	 0.000000 	 0.570550 	 0.141048 	 0.809060
771 	 112.023751 	 17.193958 	 0.000000 	 0.110850 	 -0.274036 	 0.955310
772 	 137.167911 	 18.321284 	 0.000000 	 0.230525 	 -0.213708 	 0.949309
773 	 157.607229 	 22.446377 	 0.000000 	 0.353027 	 -0.145455 	 0.924237
774 	 171.216769 	 28.443268 	 0.000000 	 0.470703 	 -0.072728 	 0.879289
775 	 180.000000 	 35.191556 	 0.000000 	 0.576312 	 -0.000000 	 0.817230
776 	 185.881049 	 41.960601 	 0.000000 	 0.665100 	 0.068509 	 0.743605
777 	 105.092075 	 24.020404 	 0.000000 	 0.105987 	 -0.393022 	 0.913401
778 	 122.911493 	 24.081133 	 0.000000 	 0.221700 	 -0.342546 	 0.912969
779 	 140.509931 	 26.332862 	 0.000000 	 0.342330 	 -0.282096 	 0.896232
780 	 155.131075 	 30.542083 	 0.000000 	 0.461050 	 -0.213708 	 0.861256
781 	 166.114113 	 35.995825 	 0.000000 	 0.570550 	 -0.141048 	 0.809060
782 	 174.118951 	 41.960601 	 0.000000 	 0.665100 	 -0.068509 	 0.743605
783 	 180.000000 	 47.894356 	 0.000000 	 0.741910 	 -0.000000 	 0.670500
784 	 285.092075 	 24.020404 	 0.000000 	 -0.105987 	 0.393022 	 0.913401
785 	 302.911493 	 24.081133 	 0.000000 	 -0.221700 	 0.342546 	 0.912969
786 	 292.023751 	 17.193958 	 0.000000 	 -0.110850 	 0.274036 	 0.955310
787 	 320.509931 	 26.332862 	 0.000000 	 -0.342330 	 0.282096 	 0.896232
788 	 317.167911 	 18.321284 	 0.000000 	 -0.230525 	 0.213708 	 0.949309
789 	 308.973447 	 10.452863 	 0.000000 	 -0.114110 	 0.141048 	 0.983404
790 	 335.131075 	 30.542083 	 0.000000 	 -0.461050 	 0.213708 	 0.861256
791 	 337.607229 	 22.446377 	 0.000000 	 -0.353027 	 0.145455 	 0.924237
792 	 342.827962 	 14.260585 	 0.000000 	 -0.235351 	 0.072728 	 0.969185
793 	 360.000000 	 6.618759 	 0.000000 	 -0.115262 	 0.000000 	 0.993335
794 	 346.114113 	 35.995825 	 0.000000 	 -0.570550 	 0.141048 	 0.809060
795 	 351.216769 	 28.443268 	 0.000000 	 -0.470703 	 0.072728 	 0.879289
796 	 0.000000 	 20.905157 	 0.000000 	 -0.356822 	 -0.000000 	 0.934172
797 	 17.172038 	 14.260585 	 0.000000 	 -0.235351 	 -0.072728 	 0.969185
798 	 51.026553 	 10.452863 	 0.000000 	 -0.114110 	 -0.141048 	 0.983404
799 	 354.118951 	 41.960601 	 0.000000 	 -0.665100 	 0.068509 	 0.743605
800 	 0.000000 	 35.191556 	 0.000000 	 -0.576312 	 -0.000000 	 0.817230
801 	 8.783231 	 28.443268 	 0.000000 	 -0.470703 	 -0.072728 	 0.879289
802 	 22.392771 	 22.446377 	 0.000000 	 -0.353027 	 -0.145455 	 0.924237
803 	 42.832089 	 18.321284 	 0.000000 	 -0.230525 	 -0.213708 	 0.949309
804 	 67.976249 	 17.193958 	 0.000000 	 -0.110850 	 -0.274036 	 0.955310
805 	 0.000000 	 47.894356 	 0.000000 	 -0.741910 	 -0.000000 	 0.670500
806 	 5.881049 	 41.960601 	 0.000000 	 -0.665100 	 -0.068509 	 0.743605
807 	 13.885887 	 35.995825 	 0.000000 	 -0.570550 	 -0.141048 	 0.809060
808 	 24.868925 	 30.542083 	 0.000000 	 -0.461050 	 -0.213708 	 0.861256
809 	 39.490069 	 26.332862 	 0.000000 	 -0.342330 	 -0.282096 	 0.896232
810 	 57.088507 	 24.081133 	 0.000000 	 -0.221700 	 -0.342546 	 0.912969
811 	 74.907925 	 24.020404 	 0.000000 	 -0.105987 	 -0.393022 	 0.913401
